created on: Tue Feb 20 01:16:55 2018

dir	fecha	indicativo	nombre	prec	presMax	presMin	provincia	racha	sol	tmax	tmed	tmin	velmedia
14.0	2015-01-01	8025	ALICANTE/ALACANT	0.0	1027.2	1019.8	ALICANTE	4.7	8.6	16.0	9.6	3.2	1.4
19.0	2015-01-02	8025	ALICANTE/ALACANT	0.0	1028.8	1025.3	ALICANTE	4.2	8.8	18.1	10.0	2.0	1.1
99.0	2015-01-03	8025	ALICANTE/ALACANT	0.0	1027.8	1022.5	ALICANTE	7.2	8.6	19.5	11.3	3.1	2.2
6.0	2015-01-04	8025	ALICANTE/ALACANT	0.0	1022.5	1020.4	ALICANTE	6.1	8.8	20.3	13.4	6.5	1.7
99.0	2015-01-05	8025	ALICANTE/ALACANT	0.0	1021.5	1017.0	ALICANTE	4.2	8.9	16.9	10.8	4.8	1.1
7.0	2015-01-06	8025	ALICANTE/ALACANT	0.0	1018.1	1014.5	ALICANTE	5.0	8.9	15.6	9.6	3.5	1.1
12.0	2015-01-07	8025	ALICANTE/ALACANT	0.0	1023.8	1018.1	ALICANTE	4.7	4.6	17.2	11.1	5.0	0.8
13.0	2015-01-08	8025	ALICANTE/ALACANT	0.0	1031.1	1023.7	ALICANTE	4.4	8.4	17.3	10.8	4.2	1.1
18.0	2015-01-09	8025	ALICANTE/ALACANT	0.0	1034.0	1030.0	ALICANTE	6.1	8.9	19.1	11.0	3.0	1.4
20.0	2015-01-10	8025	ALICANTE/ALACANT	0.0	1030.0	1017.4	ALICANTE	4.2	9.0	21.7	12.5	3.3	1.1
31.0	2015-01-11	8025	ALICANTE/ALACANT	0.0	1024.0	1016.2	ALICANTE	9.4	9.0	20.8	13.4	6.0	1.1
7.0	2015-01-12	8025	ALICANTE/ALACANT	0.0	1025.4	1020.0	ALICANTE	5.3	6.7	18.3	11.8	5.3	0.8
23.0	2015-01-13	8025	ALICANTE/ALACANT	0.0	1020.0	1013.9	ALICANTE	5.0	7.9	20.1	13.6	7.0	1.4
7.0	2015-01-14	8025	ALICANTE/ALACANT	0.0	1017.8	1014.8	ALICANTE	4.4	8.1	20.6	13.6	6.7	1.1
20.0	2015-01-15	8025	ALICANTE/ALACANT		1014.9	1004.4	ALICANTE	6.1	8.9	20.0	12.9	5.8	1.9
31.0	2015-01-16	8025	ALICANTE/ALACANT		1011.1	1001.2	ALICANTE	12.8	3.4	15.1	11.6	8.0	2.8
30.0	2015-01-17	8025	ALICANTE/ALACANT	0.0	1013.1	1011.1	ALICANTE	8.9	9.0	15.0	9.4	3.9	1.7
19.0	2015-01-18	8025	ALICANTE/ALACANT	7.0	1012.5	998.5	ALICANTE	5.3	5.4	14.6	7.4	0.3	1.4
36.0	2015-01-19	8025	ALICANTE/ALACANT	0.2	1001.8	994.9	ALICANTE	10.6	0.0	11.1	9.5	7.9	2.5
34.0	2015-01-20	8025	ALICANTE/ALACANT	0.0	1001.3	998.8	ALICANTE	11.4	7.8	13.7	9.2	4.6	1.9
30.0	2015-01-21	8025	ALICANTE/ALACANT	0.0	1001.0	998.2	ALICANTE	9.2	8.8	14.5	8.6	2.6	2.5
33.0	2015-01-22	8025	ALICANTE/ALACANT	0.0	1007.5	998.3	ALICANTE	9.7	6.4	14.3	10.2	6.1	2.5
33.0	2015-01-23	8025	ALICANTE/ALACANT	0.0	1011.2	1007.4	ALICANTE	9.7	9.4	15.3	10.2	5.1	1.7
99.0	2015-01-24	8025	ALICANTE/ALACANT	0.0	1014.0	1011.1	ALICANTE	4.7	9.5	15.9	10.2	4.4	1.4
30.0	2015-01-25	8025	ALICANTE/ALACANT	0.0	1015.9	1009.8	ALICANTE	12.5	9.6	19.6	12.3	5.0	1.9
14.0	2015-01-26	8025	ALICANTE/ALACANT	0.0	1017.7	1015.3	ALICANTE	5.8	9.4	16.8	10.6	4.5	1.4
28.0	2015-01-27	8025	ALICANTE/ALACANT	0.0	1017.6	1011.1	ALICANTE	5.8	9.4	18.9	11.4	3.8	1.9
18.0	2015-01-28	8025	ALICANTE/ALACANT	0.0	1014.6	1010.3	ALICANTE	6.7	9.7	17.5	11.4	5.4	1.9
28.0	2015-01-29	8025	ALICANTE/ALACANT	0.0	1010.3	994.5	ALICANTE	11.1	8.2	21.5	13.5	5.5	3.3
22.0	2015-01-30	8025	ALICANTE/ALACANT	0.0	994.5	983.2	ALICANTE	14.4	6.8	23.5	19.6	15.8	4.2
24.0	2015-01-31	8025	ALICANTE/ALACANT	2.4	996.2	980.1	ALICANTE	19.7	6.8	20.2	14.9	9.6	5.0
99.0	2015-02-01	8025	ALICANTE/ALACANT	0.0	1006.3	996.1	ALICANTE	16.7	9.7	12.9	10.2	7.6	4.7
28.0	2015-02-02	8025	ALICANTE/ALACANT	1.8	1006.2	995.5	ALICANTE	10.0	5.4	15.6	11.8	8.0	2.8
30.0	2015-02-03	8025	ALICANTE/ALACANT	0.0	995.5	988.6	ALICANTE	15.8	7.6	16.9	12.6	8.3	3.6
32.0	2015-02-04	8025	ALICANTE/ALACANT	0.0	996.5	987.2	ALICANTE	13.3	7.4	12.0	8.4	4.8	4.2
26.0	2015-02-05	8025	ALICANTE/ALACANT	0.0	1002.3	993.9	ALICANTE	12.8	8.5	13.2	8.4	3.7	2.8
32.0	2015-02-06	8025	ALICANTE/ALACANT	0.0	1004.8	1000.5	ALICANTE	12.8	7.1	12.1	7.4	2.6	2.8
16.0	2015-02-07	8025	ALICANTE/ALACANT	0.0	1012.7	1004.8	ALICANTE	5.6	4.3	11.6	6.5	1.4	1.1
18.0	2015-02-08	8025	ALICANTE/ALACANT	0.0	1013.3	1009.1	ALICANTE	7.8	9.8	14.4	8.0	1.6	1.9
7.0	2015-02-09	8025	ALICANTE/ALACANT	0.4	1016.3	1009.9	ALICANTE	11.4	2.8	13.2	7.4	1.7	3.3
5.0	2015-02-10	8025	ALICANTE/ALACANT	0.2	1015.9	1012.7	ALICANTE	10.8	1.6	13.3	10.0	6.6	3.1
8.0	2015-02-11	8025	ALICANTE/ALACANT	0.0	1012.8	1009.7	ALICANTE	11.1	7.6	16.2	12.2	8.1	2.8
24.0	2015-02-12	8025	ALICANTE/ALACANT	0.4	1013.2	1008.6	ALICANTE	4.7	0.0	13.0	10.6	8.1	0.8
2.0	2015-02-13	8025	ALICANTE/ALACANT	0.0	1013.0	1010.3	ALICANTE	6.7	8.8	19.4	12.9	6.4	1.4
32.0	2015-02-14	8025	ALICANTE/ALACANT	0.6	1010.6	1004.4	ALICANTE	10.6	4.8	19.1	14.3	9.5	3.1
32.0	2015-02-15	8025	ALICANTE/ALACANT	0.0	1004.7	1000.1	ALICANTE	14.2	9.0	20.3	15.6	10.8	3.3
30.0	2015-02-16	8025	ALICANTE/ALACANT	1.4	1009.7	1004.7	ALICANTE	11.9	8.3	21.2	16.4	11.6	2.8
4.0	2015-02-17	8025	ALICANTE/ALACANT	0.0	1017.9	1007.5	ALICANTE	11.9	2.2	15.8	13.2	10.5	3.9
6.0	2015-02-18	8025	ALICANTE/ALACANT	0.0	1021.4	1017.0	ALICANTE	12.2	4.5	16.8	13.2	9.7	4.2
4.0	2015-02-19	8025	ALICANTE/ALACANT	0.0	1021.2	1017.2	ALICANTE	11.1	7.9	16.5	11.6	6.7	2.8
6.0	2015-02-20	8025	ALICANTE/ALACANT	0.0	1017.3	1005.6	ALICANTE	7.8	9.2	16.4	11.6	6.9	1.9
1.0	2015-02-21	8025	ALICANTE/ALACANT	0.2	1005.6	994.1	ALICANTE	16.4	2.7	17.3	11.5	5.7	2.5
22.0	2015-02-22	8025	ALICANTE/ALACANT	0.0	1006.9	999.0	ALICANTE	14.2	8.4	19.6	13.6	7.5	2.8
32.0	2015-02-23	8025	ALICANTE/ALACANT	0.0	1007.0	1002.6	ALICANTE	15.6	8.5	21.1	14.6	8.1	4.2
28.0	2015-02-24	8025	ALICANTE/ALACANT	0.0	1014.7	1004.8	ALICANTE	16.1	10.0	17.8	14.0	10.2	3.1
36.0	2015-02-25	8025	ALICANTE/ALACANT	0.0	1015.4	1009.5	ALICANTE	15.8	6.4	17.0	14.0	11.0	3.6
34.0	2015-02-26	8025	ALICANTE/ALACANT	0.4	1011.6	1007.7	ALICANTE	13.9	8.2	22.8	18.0	13.3	1.4
33.0	2015-02-27	8025	ALICANTE/ALACANT	0.0	1013.2	1006.4	ALICANTE	15.0	9.5	21.2	15.4	9.5	3.3
99.0	2015-02-28	8025	ALICANTE/ALACANT	0.0	1013.5	1011.5	ALICANTE	5.3	10.0	16.8	11.5	6.2	1.4
30.0	2015-03-01	8025	ALICANTE/ALACANT	0.0	1014.1	1010.8	ALICANTE	9.2	9.8	25.9	18.8	11.7	2.2
34.0	2015-03-02	8025	ALICANTE/ALACANT	0.0	1013.4	1010.1	ALICANTE	9.2	10.5	29.5	22.4	15.2	2.2
16.0	2015-03-03	8025	ALICANTE/ALACANT	0.0	1015.4	1012.0	ALICANTE	6.1	9.1	21.1	17.0	12.8	1.9
2.0	2015-03-04	8025	ALICANTE/ALACANT	0.0	1020.9	1013.5	ALICANTE	11.4	5.1	18.8	15.2	11.5	1.7
35.0	2015-03-05	8025	ALICANTE/ALACANT	0.0	1022.0	1018.5	ALICANTE	8.9	10.9	19.6	13.0	6.5	2.8
19.0	2015-03-06	8025	ALICANTE/ALACANT	0.0	1023.3	1019.0	ALICANTE	6.4	11.0	17.5	10.4	3.2	1.9
12.0	2015-03-07	8025	ALICANTE/ALACANT	0.0	1022.5	1014.5	ALICANTE	6.7	11.0	20.7	12.5	4.3	2.2
7.0	2015-03-08	8025	ALICANTE/ALACANT	0.0	1015.7	1013.1	ALICANTE	6.9	5.7	17.8	12.4	7.1	2.2
19.0	2015-03-09	8025	ALICANTE/ALACANT	0.0	1016.4	1013.9	ALICANTE	6.9	10.3	18.4	14.0	9.5	1.7
6.0	2015-03-10	8025	ALICANTE/ALACANT	0.0	1017.5	1015.2	ALICANTE	6.4	10.8	17.9	12.6	7.2	1.7
7.0	2015-03-11	8025	ALICANTE/ALACANT	0.0	1015.5	1012.4	ALICANTE	6.7	11.1	18.6	12.8	7.1	1.4
8.0	2015-03-12	8025	ALICANTE/ALACANT	0.0	1012.4	1007.9	ALICANTE	6.4	11.1	22.0	14.8	7.7	1.7
9.0	2015-03-13	8025	ALICANTE/ALACANT	0.0	1012.1	1009.4	ALICANTE	8.6	10.2	18.2	13.8	9.5	2.5
6.0	2015-03-14	8025	ALICANTE/ALACANT	3.8	1011.8	1009.1	ALICANTE	6.1	3.7	13.5	10.0	6.6	1.1
11.0	2015-03-15	8025	ALICANTE/ALACANT	5.4	1010.5	1006.0	ALICANTE	7.2	9.1	15.4	10.1	4.8	1.9
12.0	2015-03-16	8025	ALICANTE/ALACANT	0.0	1012.0	1006.3	ALICANTE	7.2	8.7	14.7	11.2	7.6	1.9
99.0	2015-03-17	8025	ALICANTE/ALACANT	0.4	1012.2	1007.9	ALICANTE	9.2	8.7	14.5	9.4	4.2	2.8
6.0	2015-03-18	8025	ALICANTE/ALACANT	0.0	1010.4	1004.1	ALICANTE	11.1	0.0	14.3	12.0	9.7	3.6
6.0	2015-03-19	8025	ALICANTE/ALACANT	0.0	1004.5	998.8	ALICANTE	14.7	0.0	16.7	13.9	11.1	4.2
6.0	2015-03-20	8025	ALICANTE/ALACANT	1.0	999.4	995.4	ALICANTE	14.2	2.1	19.6	16.2	12.7	5.0
12.0	2015-03-21	8025	ALICANTE/ALACANT	0.0	998.8	996.2	ALICANTE	6.4	8.8	18.2	15.5	12.8	1.9
99.0	2015-03-22	8025	ALICANTE/ALACANT		1001.6	997.8	ALICANTE	6.7	4.7	18.5	15.4	12.2	2.2
8.0	2015-03-23	8025	ALICANTE/ALACANT	7.6	1001.1	994.1	ALICANTE	7.2	0.0	15.1	13.0	11.0	2.2
22.0	2015-03-24	8025	ALICANTE/ALACANT	2.4	994.4	991.6	ALICANTE	7.2	7.8	19.1	15.2	11.2	2.8
34.0	2015-03-25	8025	ALICANTE/ALACANT	0.2	1001.7	991.8	ALICANTE	8.9	0.4	14.7	11.4	8.0	2.2
34.0	2015-03-26	8025	ALICANTE/ALACANT	0.0	1008.9	1001.7	ALICANTE	11.4	10.6	16.5	11.8	7.0	3.3
35.0	2015-03-27	8025	ALICANTE/ALACANT	0.0	1013.7	1008.4	ALICANTE	9.7	11.5	23.7	18.4	13.2	1.9
8.0	2015-03-28	8025	ALICANTE/ALACANT	0.0	1015.3	1012.7	ALICANTE	7.2	11.8	23.1	18.7	14.3	1.9
7.0	2015-03-29	8025	ALICANTE/ALACANT	0.0	1014.5	1011.6	ALICANTE	10.8	10.9	26.6	19.6	12.5	2.2
31.0	2015-03-30	8025	ALICANTE/ALACANT	0.0	1014.5	1011.2	ALICANTE	9.4	11.3	32.5	22.6	12.8	2.2
17.0	2015-03-31	8025	ALICANTE/ALACANT	0.0	1015.8	1012.8	ALICANTE	5.8	11.9	27.0	21.5	16.0	0.8
6.0	2015-04-01	8025	ALICANTE/ALACANT	0.0	1017.7	1013.2	ALICANTE	8.3	11.8	20.1	16.2	12.4	2.2
18.0	2015-04-02	8025	ALICANTE/ALACANT	0.0	1017.6	1013.3	ALICANTE	6.4	11.8	19.6	15.7	11.8	2.2
18.0	2015-04-03	8025	ALICANTE/ALACANT	0.0	1013.3	1005.7	ALICANTE	5.6	11.2	21.0	15.6	10.2	1.9
7.0	2015-04-04	8025	ALICANTE/ALACANT	0.0	1005.7	1003.1	ALICANTE	9.2	9.0	18.5	15.0	11.5	2.5
8.0	2015-04-05	8025	ALICANTE/ALACANT	0.0	1006.7	1000.9	ALICANTE	7.2	11.2	21.2	15.4	9.7	2.2
7.0	2015-04-06	8025	ALICANTE/ALACANT	0.0	1012.3	1006.2	ALICANTE	11.7	6.1	18.1	15.4	12.6	3.6
7.0	2015-04-07	8025	ALICANTE/ALACANT	0.0	1019.6	1011.9	ALICANTE	13.3	2.8	17.1	14.6	12.2	4.4
6.0	2015-04-08	8025	ALICANTE/ALACANT	0.0	1019.7	1016.4	ALICANTE	13.3	10.2	16.2	14.2	12.2	5.0
8.0	2015-04-09	8025	ALICANTE/ALACANT	0.0	1016.7	1014.0	ALICANTE	11.1	8.8	18.5	14.6	10.7	4.2
8.0	2015-04-10	8025	ALICANTE/ALACANT	0.0	1015.4	1012.6	ALICANTE	8.9	11.3	19.4	14.6	9.8	2.2
19.0	2015-04-11	8025	ALICANTE/ALACANT	0.0	1016.2	1012.0	ALICANTE	6.1	3.3	18.2	14.7	11.2	2.2
8.0	2015-04-12	8025	ALICANTE/ALACANT	0.0	1017.0	1013.3	ALICANTE	13.9	6.8	20.5	16.1	11.7	2.8
8.0	2015-04-13	8025	ALICANTE/ALACANT	0.0	1018.1	1014.4	ALICANTE	13.3	7.8	22.1	18.0	14.0	4.4
7.0	2015-04-14	8025	ALICANTE/ALACANT	0.0	1017.3	1009.9	ALICANTE	12.5	11.9	22.4	17.2	12.1	4.4
6.0	2015-04-15	8025	ALICANTE/ALACANT	2.0	1010.3	1005.3	ALICANTE	11.4	0.8	20.4	17.5	14.6	2.8
16.0	2015-04-16	8025	ALICANTE/ALACANT	3.0	1008.7	1005.5	ALICANTE	6.1	8.6	21.5	17.0	12.6	1.7
14.0	2015-04-17	8025	ALICANTE/ALACANT	0.0	1008.6	1007.0	ALICANTE	6.7	10.9	25.2	19.0	12.7	2.5
13.0	2015-04-18	8025	ALICANTE/ALACANT	0.0	1007.3	1003.5	ALICANTE	5.8	11.2	22.6	17.0	11.3	1.9
18.0	2015-04-19	8025	ALICANTE/ALACANT	0.0	1008.6	1003.4	ALICANTE	8.9	11.0	26.0	19.8	13.5	2.2
10.0	2015-04-20	8025	ALICANTE/ALACANT	0.0	1013.3	1008.3	ALICANTE	7.2	12.3	21.8	16.8	11.7	2.5
7.0	2015-04-21	8025	ALICANTE/ALACANT	0.0	1014.6	1011.0	ALICANTE	13.3	8.6	19.7	15.6	11.5	3.3
4.0	2015-04-22	8025	ALICANTE/ALACANT	0.0	1013.0	1010.1	ALICANTE	7.2	8.7	20.8	17.4	13.9	2.5
7.0	2015-04-23	8025	ALICANTE/ALACANT	0.0	1010.7	1006.6	ALICANTE	5.3	11.3	21.5	17.0	12.5	1.7
20.0	2015-04-24	8025	ALICANTE/ALACANT	0.0	1008.6	1004.8	ALICANTE	6.1	5.8	21.5	17.1	12.7	2.2
14.0	2015-04-25	8025	ALICANTE/ALACANT	0.0	1006.0	1002.7	ALICANTE	5.6	9.4	24.3	19.0	13.7	1.7
28.0	2015-04-26	8025	ALICANTE/ALACANT	8.0	1002.7	995.4	ALICANTE	13.9	7.4	26.7	21.2	15.6	2.2
99.0	2015-04-27	8025	ALICANTE/ALACANT	0.0	1005.7	998.5	ALICANTE	12.8	11.6	24.3	19.9	15.5	3.9
6.0	2015-04-28	8025	ALICANTE/ALACANT	0.0	1009.6	1005.3	ALICANTE	8.9	12.4	23.3	19.2	15.0	2.8
14.0	2015-04-29	8025	ALICANTE/ALACANT	0.0	1010.3	1007.3	ALICANTE	8.6	11.6	23.6	18.1	12.6	2.5
99.0	2015-04-30	8025	ALICANTE/ALACANT	0.0	1011.6	1009.3	ALICANTE	5.8	10.0	22.4	18.7	15.0	1.9
19.0	2015-05-01	8025	ALICANTE/ALACANT	0.0	1009.3	1004.1	ALICANTE	6.9	11.8	28.0	20.8	13.6	2.2
12.0	2015-05-02	8025	ALICANTE/ALACANT	0.0	1006.2	1002.0	ALICANTE	6.1	12.4	29.6	23.8	17.9	2.2
12.0	2015-05-03	8025	ALICANTE/ALACANT	0.0	1002.8	999.8	ALICANTE	5.6	11.9	33.4	25.0	16.6	1.9
14.0	2015-05-04	8025	ALICANTE/ALACANT	0.0	1001.7	996.5	ALICANTE	5.3	5.9	29.2	24.4	19.7	1.7
12.0	2015-05-05	8025	ALICANTE/ALACANT	0.0	1005.0	998.1	ALICANTE	6.7	7.1	28.7	23.8	19.0	1.9
12.0	2015-05-06	8025	ALICANTE/ALACANT	0.0	1010.1	1003.3	ALICANTE	10.3	12.1	28.7	23.4	18.0	3.6
99.0	2015-05-07	8025	ALICANTE/ALACANT	0.0	1010.5	1007.4	ALICANTE	7.8	13.2	24.1	19.6	15.1	2.5
25.0	2015-05-08	8025	ALICANTE/ALACANT	0.0	1011.3	1007.0	ALICANTE	10.3	13.4	31.7	23.4	15.1	2.2
7.0	2015-05-09	8025	ALICANTE/ALACANT	0.0	1015.1	1010.6	ALICANTE	8.6	13.0	26.4	22.2	18.1	2.5
12.0	2015-05-10	8025	ALICANTE/ALACANT	0.0	1016.0	1013.0	ALICANTE	8.1	12.5	26.6	21.4	16.2	2.8
5.0	2015-05-11	8025	ALICANTE/ALACANT	0.0	1013.5	1011.8	ALICANTE	11.1	12.8	26.8	21.0	15.2	3.1
15.0	2015-05-12	8025	ALICANTE/ALACANT	0.0	1014.8	1011.9	ALICANTE	6.1	13.1	26.9	20.6	14.3	1.7
19.0	2015-05-13	8025	ALICANTE/ALACANT	0.0	1015.1	1009.2	ALICANTE	5.3	12.3	28.9	22.0	15.1	1.7
31.0	2015-05-14	8025	ALICANTE/ALACANT	0.0	1009.2	999.2	ALICANTE	10.8	12.4	37.0	27.4	17.8	2.2
8.0	2015-05-15	8025	ALICANTE/ALACANT	0.0	1012.4	1000.7	ALICANTE	9.7	13.3	30.8	23.9	17.0	3.1
15.0	2015-05-16	8025	ALICANTE/ALACANT	0.0	1015.5	1011.6	ALICANTE	7.2	13.4	23.8	18.8	13.8	1.9
13.0	2015-05-17	8025	ALICANTE/ALACANT	0.0	1014.6	1010.1	ALICANTE	6.9	13.6	25.4	19.4	13.3	2.2
12.0	2015-05-18	8025	ALICANTE/ALACANT	0.2	1010.2	1001.3	ALICANTE	6.1	13.3	26.4	20.2	14.1	1.9
2.0	2015-05-19	8025	ALICANTE/ALACANT	0.0	1005.0	997.3	ALICANTE	10.0	6.1	24.7	21.4	18.2	2.2
7.0	2015-05-20	8025	ALICANTE/ALACANT	0.0	1012.3	1004.5	ALICANTE	10.8	8.6	21.4	18.4	15.4	3.1
7.0	2015-05-21	8025	ALICANTE/ALACANT	0.0	1014.9	1011.8	ALICANTE	8.9	13.6	21.9	17.4	12.8	2.5
12.0	2015-05-22	8025	ALICANTE/ALACANT	0.0	1014.3	1009.8	ALICANTE	8.1	13.6	22.3	17.2	12.0	2.8
11.0	2015-05-23	8025	ALICANTE/ALACANT	0.0	1009.8	1006.5	ALICANTE	6.7	13.7	23.1	17.6	12.1	2.2
10.0	2015-05-24	8025	ALICANTE/ALACANT	0.0	1008.4	1006.3	ALICANTE	6.4	0.0	21.3	17.4	13.6	2.2
14.0	2015-05-25	8025	ALICANTE/ALACANT	0.0	1008.3	1006.4	ALICANTE	9.7	12.9	26.3	21.4	16.4	2.2
14.0	2015-05-26	8025	ALICANTE/ALACANT	0.0	1007.7	1005.9	ALICANTE	8.9	13.2	26.4	21.0	15.5	2.8
14.0	2015-05-27	8025	ALICANTE/ALACANT	0.0	1010.6	1007.3	ALICANTE	6.4	11.0	24.4	21.0	17.5	2.5
17.0	2015-05-28	8025	ALICANTE/ALACANT	0.0	1011.4	1007.6	ALICANTE	6.4	13.4	25.5	20.6	15.6	2.2
4.0	2015-05-29	8025	ALICANTE/ALACANT	0.0	1007.8	1003.3	ALICANTE	8.1	9.0	23.5	19.4	15.3	2.5
11.0	2015-05-30	8025	ALICANTE/ALACANT	4.4	1009.5	1005.5	ALICANTE	7.2	10.3	25.6	21.6	17.5	1.7
15.0	2015-05-31	8025	ALICANTE/ALACANT	0.0	1009.0	1007.2	ALICANTE	6.4	10.3	25.4	21.8	18.3	1.7
15.0	2015-06-01	8025	ALICANTE/ALACANT	0.0	1009.8	1008.3	ALICANTE	7.8	9.8	25.6	21.7	17.8	1.7
13.0	2015-06-02	8025	ALICANTE/ALACANT	0.0	1012.1	1008.6	ALICANTE	5.6	13.7	26.9	21.8	16.7	1.9
8.0	2015-06-03	8025	ALICANTE/ALACANT	0.0	1012.9	1010.8	ALICANTE	10.0	13.6	28.8	22.8	16.7	3.1
6.0	2015-06-04	8025	ALICANTE/ALACANT	0.0	1012.3	1009.9	ALICANTE	10.0	13.6	28.9	22.8	16.7	3.1
10.0	2015-06-05	8025	ALICANTE/ALACANT	0.0	1011.4	1009.5	ALICANTE	8.3	13.8	28.7	22.8	16.9	2.5
5.0	2015-06-06	8025	ALICANTE/ALACANT	0.0	1012.8	1010.3	ALICANTE	8.3	13.7	28.4	22.4	16.4	3.1
5.0	2015-06-07	8025	ALICANTE/ALACANT	0.0	1012.3	1009.7	ALICANTE	7.2	13.8	30.1	23.0	16.0	2.5
6.0	2015-06-08	8025	ALICANTE/ALACANT	0.0	1010.4	1005.7	ALICANTE	6.4	13.8	29.8	23.9	18.0	1.7
15.0	2015-06-09	8025	ALICANTE/ALACANT	0.0	1006.7	1003.0	ALICANTE	7.8	13.1	29.8	23.9	18.0	2.2
6.0	2015-06-10	8025	ALICANTE/ALACANT	0.0	1004.9	1002.2	ALICANTE	9.2	13.2	29.3	24.1	18.9	3.1
31.0	2015-06-11	8025	ALICANTE/ALACANT	0.8	1005.0	1000.0	ALICANTE	10.0	1.3	25.3	22.2	19.1	2.2
18.0	2015-06-12	8025	ALICANTE/ALACANT	0.0	1002.3	1000.2	ALICANTE	9.2	12.2	29.5	23.8	18.1	2.8
33.0	2015-06-13	8025	ALICANTE/ALACANT	1.8	1001.4	998.3	ALICANTE	8.6	11.0	28.3	23.6	18.8	2.5
14.0	2015-06-14	8025	ALICANTE/ALACANT	0.0	1004.3	1001.2	ALICANTE	11.1	11.7	28.9	24.0	19.2	3.1
10.0	2015-06-15	8025	ALICANTE/ALACANT	0.0	1008.6	1003.5	ALICANTE	8.6	11.0	27.8	23.2	18.7	2.2
99.0	2015-06-16	8025	ALICANTE/ALACANT	0.0	1012.1	1008.0	ALICANTE	8.3	9.9	26.8	21.8	16.9	3.1
7.0	2015-06-17	8025	ALICANTE/ALACANT	0.0	1011.8	1009.9	ALICANTE	7.5	12.9	26.9	21.9	16.9	2.2
13.0	2015-06-18	8025	ALICANTE/ALACANT	0.0	1012.0	1009.1	ALICANTE	6.7	13.6	27.5	22.7	17.9	2.2
15.0	2015-06-19	8025	ALICANTE/ALACANT	0.0	1009.4	1006.6	ALICANTE	7.2	13.6	28.9	22.9	16.9	2.5
12.0	2015-06-20	8025	ALICANTE/ALACANT	0.0	1009.9	1007.2	ALICANTE	6.1	13.9	28.1	23.3	18.5	1.7
13.0	2015-06-21	8025	ALICANTE/ALACANT	0.0	1010.3	1008.4	ALICANTE	6.7	13.9	29.3	24.0	18.8	2.2
14.0	2015-06-22	8025	ALICANTE/ALACANT	0.0	1008.6	1004.1	ALICANTE	6.4	13.5	30.6	25.0	19.3	1.7
34.0	2015-06-23	8025	ALICANTE/ALACANT	0.0	1005.3	1000.9	ALICANTE	11.1	9.5	32.1	26.2	20.3	2.2
6.0	2015-06-24	8025	ALICANTE/ALACANT	0.0	1011.7	1004.9	ALICANTE	10.3	13.5	29.5	24.7	19.9	3.1
99.0	2015-06-25	8025	ALICANTE/ALACANT	0.0	1013.4	1010.7	ALICANTE	6.7	13.7	30.4	24.8	19.2	2.5
12.0	2015-06-26	8025	ALICANTE/ALACANT	0.0	1012.9	1010.7	ALICANTE	7.8	13.7	29.9	24.6	19.4	1.9
14.0	2015-06-27	8025	ALICANTE/ALACANT	0.0	1011.1	1009.0	ALICANTE	7.2	13.8	33.7	27.0	20.4	2.2
20.0	2015-06-28	8025	ALICANTE/ALACANT	0.0	1009.3	1007.7	ALICANTE	7.2	13.7	36.7	29.4	22.0	1.9
99.0	2015-06-29	8025	ALICANTE/ALACANT	0.0	1011.1	1008.9	ALICANTE	5.8	13.5	34.3	28.0	21.6	1.9
8.0	2015-06-30	8025	ALICANTE/ALACANT	0.0	1009.2	1005.9	ALICANTE	6.7	13.3	34.3	27.8	21.4	1.7
7.0	2015-07-01	8025	ALICANTE/ALACANT	0.0	1007.5	1005.0	ALICANTE	11.4	12.5	34.5	28.7	22.9	3.3
9.0	2015-07-02	8025	ALICANTE/ALACANT	0.0	1010.7	1005.7	ALICANTE	9.2	11.1	34.1	29.4	24.6	2.8
8.0	2015-07-03	8025	ALICANTE/ALACANT	0.0	1012.1	1009.1	ALICANTE	11.7	12.9	32.5	28.0	23.4	4.2
6.0	2015-07-04	8025	ALICANTE/ALACANT	0.0	1011.7	1008.8	ALICANTE	10.0	13.0	32.7	27.2	21.8	3.3
6.0	2015-07-05	8025	ALICANTE/ALACANT	0.0	1009.9	1007.4	ALICANTE	8.1	13.2	33.5	27.6	21.8	3.1
99.0	2015-07-06	8025	ALICANTE/ALACANT	0.0	1009.9	1008.2	ALICANTE	6.7	12.9	34.8	28.5	22.2	2.2
9.0	2015-07-07	8025	ALICANTE/ALACANT	0.0	1008.2	1004.3	ALICANTE	5.6	13.3	37.4	29.8	22.1	1.7
13.0	2015-07-08	8025	ALICANTE/ALACANT	0.0	1006.0	1003.0	ALICANTE	6.4	12.6	33.0	28.3	23.6	2.2
13.0	2015-07-09	8025	ALICANTE/ALACANT	0.0	1008.7	1005.7	ALICANTE	6.9	8.6	30.6	27.2	23.9	2.5
19.0	2015-07-10	8025	ALICANTE/ALACANT	0.0	1009.0	1006.3	ALICANTE	8.1	13.3	31.5	27.0	22.6	2.2
6.0	2015-07-11	8025	ALICANTE/ALACANT	0.0	1010.1	1007.0	ALICANTE	7.2	10.5	29.8	26.7	23.6	2.5
14.0	2015-07-12	8025	ALICANTE/ALACANT	0.0	1010.5	1007.9	ALICANTE	6.1	13.6	30.9	26.4	21.8	1.9
14.0	2015-07-13	8025	ALICANTE/ALACANT	0.0	1010.4	1007.8	ALICANTE	6.7	13.5	31.6	26.8	22.0	1.9
12.0	2015-07-14	8025	ALICANTE/ALACANT	0.0	1009.3	1007.4	ALICANTE	6.1	12.8	32.8	28.1	23.4	1.9
11.0	2015-07-15	8025	ALICANTE/ALACANT	0.0	1008.2	1005.6	ALICANTE	5.8	12.9	34.5	28.3	22.1	2.2
13.0	2015-07-16	8025	ALICANTE/ALACANT	0.0	1007.5	1004.7	ALICANTE	5.3	13.4	34.5	28.0	21.6	1.9
15.0	2015-07-17	8025	ALICANTE/ALACANT	0.0	1008.8	1006.5	ALICANTE	6.4	13.3	33.9	28.3	22.7	1.9
12.0	2015-07-18	8025	ALICANTE/ALACANT	0.0	1008.3	1004.9	ALICANTE	7.2	12.2	31.8	27.2	22.7	2.5
11.0	2015-07-19	8025	ALICANTE/ALACANT	0.0	1006.7	1004.3	ALICANTE	6.1	10.4	31.7	27.2	22.7	1.9
99.0	2015-07-20	8025	ALICANTE/ALACANT	0.0	1006.2	1004.3	ALICANTE	5.8	11.9	32.0	27.7	23.4	1.9
13.0	2015-07-21	8025	ALICANTE/ALACANT	0.0	1006.3	1004.3	ALICANTE	6.1	12.8	33.1	28.7	24.3	1.9
25.0	2015-07-22	8025	ALICANTE/ALACANT	0.0	1006.2	1001.2	ALICANTE	14.2	10.6	34.4	28.8	23.2	2.2
14.0	2015-07-23	8025	ALICANTE/ALACANT	0.0	1006.6	1003.1	ALICANTE	7.2	13.2	32.3	28.2	24.1	1.9
14.0	2015-07-24	8025	ALICANTE/ALACANT	0.0	1003.3	998.6	ALICANTE	8.1	12.5	33.6	28.6	23.6	2.5
7.0	2015-07-25	8025	ALICANTE/ALACANT	0.0	1006.7	999.0	ALICANTE	11.4	12.0	32.9	29.4	25.9	3.3
12.0	2015-07-26	8025	ALICANTE/ALACANT	0.0	1007.3	1003.1	ALICANTE	6.7	11.0	32.2	29.2	26.3	2.8
11.0	2015-07-27	8025	ALICANTE/ALACANT	0.0	1003.2	1001.2	ALICANTE	6.7	13.5	36.8	30.4	23.9	2.5
10.0	2015-07-28	8025	ALICANTE/ALACANT	0.0	1004.9	1002.3	ALICANTE	6.4	11.9	31.6	28.6	25.7	1.7
18.0	2015-07-29	8025	ALICANTE/ALACANT	0.0	1003.3	997.8	ALICANTE	6.7	10.3	32.8	28.5	24.2	1.9
8.0	2015-07-30	8025	ALICANTE/ALACANT	0.6	1002.5	998.6	ALICANTE	7.8	8.0	32.3	29.1	25.9	3.1
9.0	2015-07-31	8025	ALICANTE/ALACANT		1001.6	997.5	ALICANTE	9.2	3.7	29.8	27.8	25.7	2.8
6.0	2015-08-01	8025	ALICANTE/ALACANT	0.0	1006.8	999.3	ALICANTE	12.5	12.3	31.1	28.0	25.0	5.0
15.0	2015-08-02	8025	ALICANTE/ALACANT	0.0	1008.6	1005.9	ALICANTE	6.7	12.5	31.9	28.6	25.2	2.5
99.0	2015-08-03	8025	ALICANTE/ALACANT	0.0	1008.6	1005.0	ALICANTE	6.1	12.5	33.8	28.6	23.4	1.7
12.0	2015-08-04	8025	ALICANTE/ALACANT	0.0	1006.7	1004.4	ALICANTE	6.7	11.9	31.7	28.0	24.3	1.9
15.0	2015-08-05	8025	ALICANTE/ALACANT	0.0	1006.3	1003.2	ALICANTE	6.9	11.9	31.7	28.2	24.7	1.9
7.0	2015-08-06	8025	ALICANTE/ALACANT	0.0	1005.9	1002.9	ALICANTE	7.5	9.2	32.1	29.4	26.7	1.4
32.0	2015-08-07	8025	ALICANTE/ALACANT	0.0	1005.9	1003.8	ALICANTE	8.6	9.2	33.2	30.0	26.7	1.4
8.0	2015-08-08	8025	ALICANTE/ALACANT	0.0	1009.2	1005.1	ALICANTE	7.8	3.3	32.2	29.0	25.9	2.2
8.0	2015-08-09	8025	ALICANTE/ALACANT	1.0	1009.9	1007.0	ALICANTE	9.7	8.2	30.5	27.6	24.6	2.2
13.0	2015-08-10	8025	ALICANTE/ALACANT	0.0	1008.4	1003.4	ALICANTE	8.1	11.0	33.0	29.0	25.1	2.2
14.0	2015-08-11	8025	ALICANTE/ALACANT	0.0	1006.0	1003.5	ALICANTE	6.9	8.3	31.7	29.2	26.6	2.2
16.0	2015-08-12	8025	ALICANTE/ALACANT	0.0	1007.8	1005.4	ALICANTE	6.7	11.0	32.3	28.8	25.2	1.9
31.0	2015-08-13	8025	ALICANTE/ALACANT	0.0	1006.1	1002.9	ALICANTE	11.4	12.4	38.2	31.4	24.6	2.8
13.0	2015-08-14	8025	ALICANTE/ALACANT	0.0	1005.6	1003.4	ALICANTE	8.9	11.1	31.6	27.6	23.6	3.1
6.0	2015-08-15	8025	ALICANTE/ALACANT		1005.3	1002.0	ALICANTE	10.8	7.7	29.7	25.9	22.1	3.3
12.0	2015-08-16	8025	ALICANTE/ALACANT	0.0	1005.5	1002.7	ALICANTE	7.5	8.5	29.9	25.3	20.7	1.9
7.0	2015-08-17	8025	ALICANTE/ALACANT	0.0	1003.2	1000.5	ALICANTE	8.3	10.5	31.5	27.8	24.0	2.5
10.0	2015-08-18	8025	ALICANTE/ALACANT	0.0	1005.7	1001.3	ALICANTE	8.3	10.3	30.9	27.3	23.7	2.8
6.0	2015-08-19	8025	ALICANTE/ALACANT	0.0	1010.8	1005.1	ALICANTE	8.3	8.2	30.8	27.4	24.1	2.2
12.0	2015-08-20	8025	ALICANTE/ALACANT	0.0	1012.4	1010.1	ALICANTE	6.7	12.2	31.0	27.2	23.4	2.5
14.0	2015-08-21	8025	ALICANTE/ALACANT	0.0	1011.9	1008.3	ALICANTE	6.7	12.2	31.5	26.9	22.3	2.2
11.0	2015-08-22	8025	ALICANTE/ALACANT	0.0	1008.9	1001.4	ALICANTE	7.2	12.4	30.4	25.8	21.1	2.2
18.0	2015-08-23	8025	ALICANTE/ALACANT	0.0	1001.5	998.3	ALICANTE	10.3	12.1	33.8	27.9	22.0	2.8
28.0	2015-08-24	8025	ALICANTE/ALACANT	0.0	1006.8	999.9	ALICANTE	11.7	12.3	34.0	29.2	24.5	3.1
13.0	2015-08-25	8025	ALICANTE/ALACANT	0.0	1009.5	1006.7	ALICANTE	8.3	12.5	30.4	26.0	21.7	2.8
12.0	2015-08-26	8025	ALICANTE/ALACANT	0.0	1009.2	1005.4	ALICANTE	6.9	11.9	30.6	26.6	22.7	2.2
20.0	2015-08-27	8025	ALICANTE/ALACANT	0.0	1007.8	1005.2	ALICANTE	7.2	11.9	31.0	25.8	20.7	4.2
11.0	2015-08-28	8025	ALICANTE/ALACANT	0.0	1009.4	1006.3	ALICANTE	6.7	11.8	30.9	26.0	21.1	2.2
5.0	2015-08-29	8025	ALICANTE/ALACANT	0.0	1010.5	1007.4	ALICANTE	9.4	11.8	31.2	26.2	21.2	2.2
14.0	2015-08-30	8025	ALICANTE/ALACANT	0.0	1009.0	1006.4	ALICANTE	7.5	10.1	31.8	27.8	23.8	1.9
22.0	2015-08-31	8025	ALICANTE/ALACANT	1.6	1007.7	1002.2	ALICANTE	7.8	8.1	31.4	28.2	25.1	1.9
8.0	2015-09-01	8025	ALICANTE/ALACANT	0.0	1006.6	1004.0	ALICANTE	11.4	9.9	31.0	27.0	23.0	2.2
14.0	2015-09-02	8025	ALICANTE/ALACANT	0.0	1006.1	1003.0	ALICANTE	8.3	9.6	30.2	26.6	22.9	1.9
12.0	2015-09-03	8025	ALICANTE/ALACANT	0.0	1003.9	1001.6	ALICANTE	7.5	11.5	31.8	26.8	21.7	1.9
2.0	2015-09-04	8025	ALICANTE/ALACANT	1.2	1006.5	1002.0	ALICANTE	9.2	2.8	28.6	25.0	21.3	2.5
6.0	2015-09-05	8025	ALICANTE/ALACANT	10.8	1010.0	1005.9	ALICANTE	10.3	4.9	26.6	23.4	20.1	3.3
8.0	2015-09-06	8025	ALICANTE/ALACANT	6.2	1012.2	1009.1	ALICANTE	5.3	0.1	22.8	21.2	19.7	1.7
33.0	2015-09-07	8025	ALICANTE/ALACANT	16.0	1011.7	1008.6	ALICANTE	5.6	2.7	24.0	21.6	19.3	1.7
34.0	2015-09-08	8025	ALICANTE/ALACANT	41.4	1009.1	1006.7	ALICANTE	17.5	7.7	26.5	20.9	15.3	1.1
12.0	2015-09-09	8025	ALICANTE/ALACANT	0.0	1007.6	1005.8	ALICANTE	7.5	10.0	26.8	21.5	16.2	2.5
19.0	2015-09-10	8025	ALICANTE/ALACANT	0.0	1006.6	1003.3	ALICANTE	7.5	10.0	29.5	24.3	19.1	1.9
15.0	2015-09-11	8025	ALICANTE/ALACANT	0.0	1006.1	1004.1	ALICANTE	5.8	10.5	28.9	24.4	19.8	1.7
3.0	2015-09-12	8025	ALICANTE/ALACANT	0.0	1006.2	1001.6	ALICANTE	6.4	3.0	27.2	22.6	18.1	1.7
19.0	2015-09-13	8025	ALICANTE/ALACANT	0.0	1003.2	998.9	ALICANTE	6.9	10.7	31.1	25.4	19.8	1.9
16.0	2015-09-14	8025	ALICANTE/ALACANT	0.0	1004.5	1001.2	ALICANTE	7.8	10.1	31.4	26.2	21.1	2.2
20.0	2015-09-15	8025	ALICANTE/ALACANT	0.0	1003.2	998.2	ALICANTE	9.4	10.5	30.1	24.4	18.8	1.9
18.0	2015-09-16	8025	ALICANTE/ALACANT	0.0	998.3	994.9	ALICANTE	8.3	11.6	30.9	24.9	18.9	2.2
32.0	2015-09-17	8025	ALICANTE/ALACANT	0.0	1005.8	995.9	ALICANTE	8.9	11.6	30.3	25.4	20.5	2.8
7.0	2015-09-18	8025	ALICANTE/ALACANT	0.0	1011.2	1005.7	ALICANTE	11.4	10.4	26.6	22.2	17.8	3.6
8.0	2015-09-19	8025	ALICANTE/ALACANT	0.0	1014.1	1010.7	ALICANTE	11.1	11.4	26.6	22.9	19.2	3.1
99.0	2015-09-20	8025	ALICANTE/ALACANT	0.0	1013.6	1010.0	ALICANTE	7.5	11.6	28.3	22.6	17.0	1.9
18.0	2015-09-21	8025	ALICANTE/ALACANT	0.0	1010.0	1004.1	ALICANTE	6.4	10.9	29.3	23.0	16.8	1.7
19.0	2015-09-22	8025	ALICANTE/ALACANT	0.0	1004.1	1000.1	ALICANTE	8.9	11.3	34.1	27.4	20.8	2.5
10.0	2015-09-23	8025	ALICANTE/ALACANT	0.0	1007.9	1001.1	ALICANTE	6.7	11.1	26.7	23.0	19.4	1.9
14.0	2015-09-24	8025	ALICANTE/ALACANT	0.0	1009.8	1007.1	ALICANTE	6.4	8.6	26.6	22.6	18.6	1.9
18.0	2015-09-25	8025	ALICANTE/ALACANT	0.0	1009.4	1007.0	ALICANTE	6.4	11.0	27.0	21.4	15.9	1.9
36.0	2015-09-26	8025	ALICANTE/ALACANT	0.0	1008.6	1006.9	ALICANTE	3.9	10.1	26.4	21.4	16.5	1.9
	2015-09-27	8025	ALICANTE/ALACANT	4.6	1011.6	1008.0	ALICANTE			25.9	21.3	16.7	
	2015-09-28	8025	ALICANTE/ALACANT	0.0	1012.4	1009.5	ALICANTE			26.7	20.9	15.1	
	2015-09-29	8025	ALICANTE/ALACANT	4.0	1010.5	1005.5	ALICANTE		1.2	22.9	19.0	15.1	
	2015-09-30	8025	ALICANTE/ALACANT	0.0	1011.4	1004.3	ALICANTE		10.0	26.5	20.8	15.0	
99.0	2015-10-01	8025	ALICANTE/ALACANT	0.0	1012.9	1010.1	ALICANTE	7.2	6.8	25.5	21.4	17.3	1.7
18.0	2015-10-02	8025	ALICANTE/ALACANT	0.0	1010.1	1005.8	ALICANTE	5.8	10.9	26.1	20.8	15.6	1.4
24.0	2015-10-03	8025	ALICANTE/ALACANT	0.0	1008.6	1005.3	ALICANTE	4.7	2.6	26.4	21.6	16.8	1.1
16.0	2015-10-04	8025	ALICANTE/ALACANT	0.0	1010.7	1008.1	ALICANTE	5.6	9.5	29.7	23.3	16.9	1.7
27.0	2015-10-05	8025	ALICANTE/ALACANT	0.0	1010.0	1004.7	ALICANTE	9.4	3.6	33.4	27.1	20.8	1.7
99.0	2015-10-06	8025	ALICANTE/ALACANT	0.0	1006.4	1003.1	ALICANTE	11.4	10.5	31.2	25.5	19.8	2.5
5.0	2015-10-07	8025	ALICANTE/ALACANT	0.0	1007.8	1006.1	ALICANTE	7.5	7.6	26.7	22.6	18.6	2.5
8.0	2015-10-08	8025	ALICANTE/ALACANT	2.8	1007.2	1005.3	ALICANTE	9.7	3.3	22.6	19.4	16.2	3.6
12.0	2015-10-09	8025	ALICANTE/ALACANT	0.0	1006.0	1003.2	ALICANTE	6.1	8.2	24.7	19.9	15.1	1.7
18.0	2015-10-10	8025	ALICANTE/ALACANT	0.0	1003.9	999.8	ALICANTE	7.8	10.6	25.4	20.0	14.6	2.5
19.0	2015-10-11	8025	ALICANTE/ALACANT	0.0	1000.2	996.8	ALICANTE	7.5	8.3	26.2	21.6	17.0	1.4
20.0	2015-10-12	8025	ALICANTE/ALACANT	0.0	1002.0	998.5	ALICANTE	6.7	8.9	27.6	22.4	17.2	2.2
21.0	2015-10-13	8025	ALICANTE/ALACANT	35.8	1003.6	1000.5	ALICANTE	8.9	4.3	26.6	22.0	17.3	2.8
12.0	2015-10-14	8025	ALICANTE/ALACANT	0.0	1005.0	1001.2	ALICANTE	7.8	8.7	25.1	20.3	15.5	1.1
16.0	2015-10-15	8025	ALICANTE/ALACANT	0.0	1006.3	1003.7	ALICANTE	5.8	8.9	24.0	18.2	12.4	2.2
6.0	2015-10-16	8025	ALICANTE/ALACANT	0.0	1007.5	1005.2	ALICANTE	6.4	6.4	23.7	19.9	16.1	1.9
9.0	2015-10-17	8025	ALICANTE/ALACANT	0.0	1006.1	1003.4	ALICANTE	8.9	8.5	23.9	19.4	15.0	2.8
14.0	2015-10-18	8025	ALICANTE/ALACANT	7.2	1005.6	1000.3	ALICANTE	4.7	9.7	25.2	19.9	14.6	1.4
2.0	2015-10-19	8025	ALICANTE/ALACANT	0.0	1002.1	997.6	ALICANTE	11.1	8.2	25.5	21.4	17.2	2.2
5.0	2015-10-20	8025	ALICANTE/ALACANT	3.6	1006.5	1001.0	ALICANTE	8.9	0.4	22.4	19.7	17.0	2.2
7.0	2015-10-21	8025	ALICANTE/ALACANT		1010.0	1005.8	ALICANTE	9.4	3.3	20.1	17.0	13.9	1.7
35.0	2015-10-22	8025	ALICANTE/ALACANT	0.0	1011.9	1008.5	ALICANTE	6.4	10.5	21.8	17.0	12.1	1.9
13.0	2015-10-23	8025	ALICANTE/ALACANT	0.0	1012.2	1009.9	ALICANTE	4.4	7.8	22.5	17.2	11.8	1.4
6.0	2015-10-24	8025	ALICANTE/ALACANT	0.0	1011.3	1008.5	ALICANTE	5.6	0.9	20.3	17.4	14.6	1.4
6.0	2015-10-25	8025	ALICANTE/ALACANT	0.8	1011.5	1008.1	ALICANTE	6.1	0.1	21.4	18.9	16.4	1.9
14.0	2015-10-26	8025	ALICANTE/ALACANT	0.6	1008.1	1004.3	ALICANTE	3.9	2.0	22.4	18.9	15.4	1.4
18.0	2015-10-27	8025	ALICANTE/ALACANT	0.0	1005.5	1002.9	ALICANTE	5.6	6.6	24.2	19.4	14.7	1.7
31.0	2015-10-28	8025	ALICANTE/ALACANT	0.0	1010.8	1004.9	ALICANTE	10.0	10.0	23.7	18.8	13.8	2.5
19.0	2015-10-29	8025	ALICANTE/ALACANT	0.0	1011.4	1007.9	ALICANTE	7.8	10.0	26.2	20.0	13.7	1.9
14.0	2015-10-30	8025	ALICANTE/ALACANT	0.0	1011.3	1008.6	ALICANTE	5.8	7.4	24.0	18.5	13.0	1.7
7.0	2015-10-31	8025	ALICANTE/ALACANT	0.0	1013.4	1009.2	ALICANTE	9.2	7.8	22.4	18.6	14.7	3.1
6.0	2015-11-01	8025	ALICANTE/ALACANT	44.0	1013.3	1007.3	ALICANTE	15.8	4.6	21.4	18.2	15.1	5.3
6.0	2015-11-02	8025	ALICANTE/ALACANT	3.0	1009.4	1001.3	ALICANTE	15.3	0.1	19.0	15.7	12.4	1.9
14.0	2015-11-03	8025	ALICANTE/ALACANT	0.0	1013.1	1009.1	ALICANTE	5.8	9.4	22.7	17.0	11.2	1.4
10.0	2015-11-04	8025	ALICANTE/ALACANT	0.0	1013.5	1011.3	ALICANTE	5.3	7.9	24.5	18.2	11.8	1.4
33.0	2015-11-05	8025	ALICANTE/ALACANT	0.0	1014.5	1011.6	ALICANTE	8.9	9.0	26.3	19.8	13.2	1.4
16.0	2015-11-06	8025	ALICANTE/ALACANT	0.0	1017.5	1013.7	ALICANTE	4.7	9.9	23.5	18.4	13.4	1.1
14.0	2015-11-07	8025	ALICANTE/ALACANT	0.0	1019.5	1016.6	ALICANTE	4.2	9.8	23.5	18.1	12.7	1.4
7.0	2015-11-08	8025	ALICANTE/ALACANT	0.0	1022.1	1018.9	ALICANTE	5.6	8.8	22.7	17.9	13.1	1.4
19.0	2015-11-09	8025	ALICANTE/ALACANT	0.0	1023.4	1021.2	ALICANTE	4.7	9.7	23.1	17.4	11.6	1.1
13.0	2015-11-10	8025	ALICANTE/ALACANT	0.0	1021.2	1017.2	ALICANTE	4.2	9.7	23.4	17.0	10.7	1.1
20.0	2015-11-11	8025	ALICANTE/ALACANT	0.0	1017.5	1014.9	ALICANTE	4.7	7.7	21.7	16.2	10.8	1.1
3.0	2015-11-12	8025	ALICANTE/ALACANT	0.0	1017.5	1015.1	ALICANTE	4.4	4.9	20.3	15.6	11.0	1.4
15.0	2015-11-13	8025	ALICANTE/ALACANT	0.0	1022.1	1017.0	ALICANTE	4.7	5.8	21.6	17.3	13.0	1.4
6.0	2015-11-14	8025	ALICANTE/ALACANT	0.0	1022.9	1019.6	ALICANTE	5.3	2.4	20.8	17.0	13.3	1.9
19.0	2015-11-15	8025	ALICANTE/ALACANT	0.0	1019.6	1013.4	ALICANTE	5.8	9.1	22.3	16.6	11.0	1.7
8.0	2015-11-16	8025	ALICANTE/ALACANT	0.0	1013.4	1011.2	ALICANTE	5.3	9.6	21.8	15.2	8.6	1.4
14.0	2015-11-17	8025	ALICANTE/ALACANT	0.0	1016.7	1012.8	ALICANTE	4.2	9.5	21.8	15.2	8.5	1.4
16.0	2015-11-18	8025	ALICANTE/ALACANT	0.0	1018.6	1016.3	ALICANTE	4.4	9.2	21.8	15.0	8.1	1.7
28.0	2015-11-19	8025	ALICANTE/ALACANT	0.0	1019.9	1016.7	ALICANTE	3.6	9.4	23.7	16.2	8.7	1.1
22.0	2015-11-20	8025	ALICANTE/ALACANT	0.0	1019.4	1010.1	ALICANTE	7.2	9.3	26.0	18.2	10.4	1.4
34.0	2015-11-21	8025	ALICANTE/ALACANT	0.0	1010.1	999.0	ALICANTE	13.3	1.7	23.7	18.0	12.3	3.9
33.0	2015-11-22	8025	ALICANTE/ALACANT	0.0	1004.7	1001.5	ALICANTE	11.1	9.0	17.4	13.4	9.4	2.8
34.0	2015-11-23	8025	ALICANTE/ALACANT	0.0	1014.2	1004.3	ALICANTE	11.4	5.2	15.3	10.0	4.8	2.8
35.0	2015-11-24	8025	ALICANTE/ALACANT	0.0	1016.6	1013.6	ALICANTE	7.5	9.2	17.0	9.9	2.8	1.4
31.0	2015-11-25	8025	ALICANTE/ALACANT	0.0	1015.3	1006.5	ALICANTE	12.2	5.9	20.8	13.5	6.2	3.9
32.0	2015-11-26	8025	ALICANTE/ALACANT	0.0	1006.9	1003.8	ALICANTE	13.6	9.1	22.1	17.8	13.4	3.3
36.0	2015-11-27	8025	ALICANTE/ALACANT	0.0	1008.2	1003.6	ALICANTE	7.8	4.7	17.9	13.3	8.7	1.4
15.0	2015-11-28	8025	ALICANTE/ALACANT	0.0	1018.1	1007.9	ALICANTE	5.6	9.1	20.9	14.0	7.0	1.4
12.0	2015-11-29	8025	ALICANTE/ALACANT	0.0	1025.8	1018.1	ALICANTE	4.7	9.1	19.4	13.3	7.2	1.7
19.0	2015-11-30	8025	ALICANTE/ALACANT	0.0	1026.5	1023.1	ALICANTE	4.7	9.1	20.0	13.4	6.7	1.4
7.0	2015-12-01	8025	ALICANTE/ALACANT	0.0	1023.2	1020.5	ALICANTE	3.6	7.4	19.8	12.7	5.6	1.1
31.0	2015-12-02	8025	ALICANTE/ALACANT	0.0	1020.5	1017.6	ALICANTE	5.0	5.6	19.6	13.4	7.1	0.8
13.0	2015-12-03	8025	ALICANTE/ALACANT	0.0	1022.4	1019.1	ALICANTE	4.2	7.0	18.4	12.9	7.4	1.1
15.0	2015-12-04	8025	ALICANTE/ALACANT	0.0	1025.4	1022.2	ALICANTE	3.3	7.5	19.1	13.0	6.8	0.8
18.0	2015-12-05	8025	ALICANTE/ALACANT	0.0	1024.5	1020.5	ALICANTE	4.2	7.8	19.0	12.8	6.5	1.1
12.0	2015-12-06	8025	ALICANTE/ALACANT	0.0	1021.6	1019.5	ALICANTE	3.9	8.2	19.8	14.2	8.6	1.4
99.0	2015-12-07	8025	ALICANTE/ALACANT	0.0	1022.3	1019.7	ALICANTE	5.3	5.3	18.2	14.4	10.6	1.7
13.0	2015-12-08	8025	ALICANTE/ALACANT	0.0	1024.2	1021.2	ALICANTE	4.2	8.5	19.6	14.5	9.4	1.4
4.0	2015-12-09	8025	ALICANTE/ALACANT	0.0	1026.8	1023.8	ALICANTE	5.8	3.9	18.7	13.8	8.9	1.9
8.0	2015-12-10	8025	ALICANTE/ALACANT		1024.9	1022.9	ALICANTE	8.3	2.1	17.9	13.5	9.1	2.5
7.0	2015-12-11	8025	ALICANTE/ALACANT	0.0	1024.3	1020.5	ALICANTE	6.4	3.8	17.8	14.1	10.4	1.9
6.0	2015-12-12	8025	ALICANTE/ALACANT	0.0	1020.5	1014.4	ALICANTE	8.6	4.9	17.6	13.8	9.9	1.9
20.0	2015-12-13	8025	ALICANTE/ALACANT	0.0	1014.4	1010.8	ALICANTE	7.2	5.3	19.5	14.1	8.7	1.7
17.0	2015-12-14	8025	ALICANTE/ALACANT	0.0	1016.2	1012.1	ALICANTE	5.0	5.4	19.7	13.5	7.3	1.7
20.0	2015-12-15	8025	ALICANTE/ALACANT	0.0	1020.3	1016.0	ALICANTE	6.4	8.4	22.6	15.2	7.9	1.7
6.0	2015-12-16	8025	ALICANTE/ALACANT	0.0	1022.0	1019.2	ALICANTE	5.3	8.5	21.7	16.2	10.6	1.7
18.0	2015-12-17	8025	ALICANTE/ALACANT	0.0	1020.3	1017.2	ALICANTE	4.4	6.4	22.2	15.0	7.9	1.4
13.0	2015-12-18	8025	ALICANTE/ALACANT	0.0	1019.5	1017.1	ALICANTE	3.6	8.5	20.4	14.0	7.6	1.1
99.0	2015-12-19	8025	ALICANTE/ALACANT	0.0	1017.4	1013.5	ALICANTE	4.7	8.7	22.1	14.2	6.2	1.4
6.0	2015-12-20	8025	ALICANTE/ALACANT	0.0	1018.3	1013.7	ALICANTE	4.2	4.9	18.7	13.2	7.6	1.4
16.0	2015-12-21	8025	ALICANTE/ALACANT	0.0	1025.4	1018.1	ALICANTE	4.7	7.1	19.0	14.0	8.9	0.8
30.0	2015-12-22	8025	ALICANTE/ALACANT	0.0	1026.3	1022.6	ALICANTE	3.9	3.7	19.2	13.9	8.6	1.1
15.0	2015-12-23	8025	ALICANTE/ALACANT	0.0	1023.0	1020.2	ALICANTE	3.9	2.9	17.2	12.7	8.2	0.8
14.0	2015-12-24	8025	ALICANTE/ALACANT	0.0	1021.3	1018.1	ALICANTE	3.6	5.3	19.6	14.0	8.4	1.1
14.0	2015-12-25	8025	ALICANTE/ALACANT	0.0	1024.2	1020.2	ALICANTE	4.7	7.2	18.4	13.4	8.5	1.1
11.0	2015-12-26	8025	ALICANTE/ALACANT	0.0	1024.9	1022.1	ALICANTE	3.9	8.4	19.0	13.3	7.6	1.4
7.0	2015-12-27	8025	ALICANTE/ALACANT	0.0	1023.8	1020.3	ALICANTE	6.4	4.1	17.5	12.6	7.7	2.2
6.0	2015-12-28	8025	ALICANTE/ALACANT	0.0	1020.5	1018.2	ALICANTE	5.0	5.0	18.5	14.4	10.4	1.1
18.0	2015-12-29	8025	ALICANTE/ALACANT	0.0	1021.3	1018.4	ALICANTE	5.0	3.9	19.3	14.1	8.9	1.7
29.0	2015-12-30	8025	ALICANTE/ALACANT	0.0	1020.6	1013.9	ALICANTE	10.3	8.7	20.6	14.3	8.0	2.8
32.0	2015-12-31	8025	ALICANTE/ALACANT	0.0	1016.6	1013.7	ALICANTE	6.1	7.2	22.9	16.6	10.4	1.4
15.0	2016-01-01	8025	ALICANTE/ALACANT	0.0	1015.5	1009.9	ALICANTE	3.6	5.8	19.2	14.5	9.8	1.1
33.0	2016-01-02	8025	ALICANTE/ALACANT	0.0	1013.9	1008.8	ALICANTE	13.1	5.8	19.7	14.6	9.6	2.5
22.0	2016-01-03	8025	ALICANTE/ALACANT	0.0	1011.9	1001.6	ALICANTE	8.6	3.3	19.4	14.6	9.8	2.5
23.0	2016-01-04	8025	ALICANTE/ALACANT	0.0	1001.6	993.5	ALICANTE	7.8	1.3	22.4	17.0	11.6	1.1
32.0	2016-01-05	8025	ALICANTE/ALACANT	0.0	1002.3	993.9	ALICANTE	13.6	6.9	18.2	14.6	11.1	3.9
23.0	2016-01-06	8025	ALICANTE/ALACANT	0.0	1008.9	1002.3	ALICANTE	17.8	6.6	15.1	12.2	9.4	4.4
25.0	2016-01-07	8025	ALICANTE/ALACANT	0.0	1007.6	1004.6	ALICANTE	13.3	4.4	23.1	18.1	13.1	4.4
28.0	2016-01-08	8025	ALICANTE/ALACANT	0.0	1006.5	1000.8	ALICANTE	6.4	8.7	21.5	16.3	11.1	1.7
26.0	2016-01-09	8025	ALICANTE/ALACANT	0.0	1005.3	998.9	ALICANTE	10.6	4.0	23.4	17.4	11.4	2.5
23.0	2016-01-10	8025	ALICANTE/ALACANT	0.0	1005.3	1001.3	ALICANTE	8.1	5.7	20.5	15.4	10.2	1.9
32.0	2016-01-11	8025	ALICANTE/ALACANT	0.0	1009.7	998.9	ALICANTE	13.1	6.3	20.6	15.8	11.0	2.8
33.0	2016-01-12	8025	ALICANTE/ALACANT	0.0	1016.0	1009.6	ALICANTE	14.2	8.9	17.8	13.8	9.9	3.9
33.0	2016-01-13	8025	ALICANTE/ALACANT	0.0	1018.6	1014.0	ALICANTE	6.9	8.8	17.3	11.9	6.5	1.4
26.0	2016-01-14	8025	ALICANTE/ALACANT	0.6	1014.0	1006.9	ALICANTE	8.9	4.9	19.7	13.0	6.2	1.7
33.0	2016-01-15	8025	ALICANTE/ALACANT	7.2	1016.2	1007.6	ALICANTE	9.4	0.9	15.9	12.6	9.3	1.9
33.0	2016-01-16	8025	ALICANTE/ALACANT	0.0	1020.1	1015.7	ALICANTE	12.2	9.1	14.4	9.0	3.5	2.5
19.0	2016-01-17	8025	ALICANTE/ALACANT	0.0	1019.7	1011.1	ALICANTE	5.0	8.9	15.0	8.0	1.0	1.4
30.0	2016-01-18	8025	ALICANTE/ALACANT	0.0	1011.1	1004.3	ALICANTE	11.7	9.1	21.1	14.2	7.3	2.8
28.0	2016-01-19	8025	ALICANTE/ALACANT	0.0	1009.6	1007.3	ALICANTE	7.8	7.7	19.0	14.1	9.2	1.7
22.0	2016-01-20	8025	ALICANTE/ALACANT	0.0	1009.2	1006.0	ALICANTE	7.2	6.6	18.3	12.0	5.6	1.9
34.0	2016-01-21	8025	ALICANTE/ALACANT	0.0	1016.6	1008.4	ALICANTE	6.4	8.6	19.1	13.5	7.9	2.2
13.0	2016-01-22	8025	ALICANTE/ALACANT	0.0	1022.5	1016.3	ALICANTE	4.2	8.1	17.9	12.5	7.1	1.4
6.0	2016-01-23	8025	ALICANTE/ALACANT	0.0	1025.3	1022.0	ALICANTE	4.2	6.5	19.7	13.7	7.7	1.1
17.0	2016-01-24	8025	ALICANTE/ALACANT	0.0	1025.2	1022.5	ALICANTE	4.7	9.1	19.1	13.6	8.0	1.7
7.0	2016-01-25	8025	ALICANTE/ALACANT	0.0	1023.3	1020.4	ALICANTE	3.9	3.9	18.1	12.6	7.2	1.1
6.0	2016-01-26	8025	ALICANTE/ALACANT	0.0	1023.1	1020.0	ALICANTE	5.0	0.1	16.3	13.7	11.1	1.7
14.0	2016-01-27	8025	ALICANTE/ALACANT	0.0	1021.7	1018.3	ALICANTE	3.9	4.5	17.4	13.2	9.1	1.1
18.0	2016-01-28	8025	ALICANTE/ALACANT	0.0	1020.5	1017.7	ALICANTE	6.1	8.7	19.9	13.7	7.5	1.7
6.0	2016-01-29	8025	ALICANTE/ALACANT	0.0	1022.6	1019.9	ALICANTE	6.4	1.1	17.1	13.6	10.1	2.2
14.0	2016-01-30	8025	ALICANTE/ALACANT	0.0	1023.5	1021.1	ALICANTE	6.1	9.3	20.0	14.0	8.1	1.7
33.0	2016-01-31	8025	ALICANTE/ALACANT	0.0	1021.6	1018.6	ALICANTE	9.4	9.0	20.8	14.4	8.0	1.7
16.0	2016-02-01	8025	ALICANTE/ALACANT	0.0	1022.2	1020.1	ALICANTE	6.4	9.5	21.4	15.4	9.4	1.7
13.0	2016-02-02	8025	ALICANTE/ALACANT	0.0	1020.1	1015.1	ALICANTE	5.3	9.8	21.2	14.3	7.4	1.1
14.0	2016-02-03	8025	ALICANTE/ALACANT	0.0	1022.6	1015.0	ALICANTE	6.9	7.5	18.2	13.4	8.7	1.4
7.0	2016-02-04	8025	ALICANTE/ALACANT	0.0	1027.2	1022.6	ALICANTE	8.9	2.1	14.1	10.2	6.3	1.9
12.0	2016-02-05	8025	ALICANTE/ALACANT	0.0	1024.0	1016.1	ALICANTE	5.3	8.9	16.9	11.2	5.5	1.4
18.0	2016-02-06	8025	ALICANTE/ALACANT	0.4	1016.1	1006.3	ALICANTE	5.8	7.6	18.0	12.8	7.6	1.9
31.0	2016-02-07	8025	ALICANTE/ALACANT	0.2	1015.5	1002.1	ALICANTE	16.7	7.7	17.4	13.2	9.1	3.9
29.0	2016-02-08	8025	ALICANTE/ALACANT	0.0	1016.4	1013.5	ALICANTE	12.8	9.8	20.8	16.3	11.8	1.9
28.0	2016-02-09	8025	ALICANTE/ALACANT	0.0	1014.3	1006.8	ALICANTE	15.8	6.0	22.0	16.6	11.3	3.3
30.0	2016-02-10	8025	ALICANTE/ALACANT	0.0	1008.6	1003.2	ALICANTE	13.6	3.0	23.2	19.4	15.6	4.2
28.0	2016-02-11	8025	ALICANTE/ALACANT	0.0	1005.2	1000.7	ALICANTE	11.7	2.4	24.2	20.2	16.3	2.2
21.0	2016-02-12	8025	ALICANTE/ALACANT	0.0	1005.2	999.2	ALICANTE	13.3	1.9	23.7	18.4	13.1	3.3
24.0	2016-02-13	8025	ALICANTE/ALACANT	0.0	1000.3	995.1	ALICANTE	11.7	2.7	25.9	21.8	17.7	3.1
31.0	2016-02-14	8025	ALICANTE/ALACANT	0.0	995.1	988.3	ALICANTE	18.6	6.0	21.2	15.8	10.3	5.6
30.0	2016-02-15	8025	ALICANTE/ALACANT		1008.9	993.4	ALICANTE	14.7	7.1	16.8	12.8	8.9	2.8
15.0	2016-02-16	8025	ALICANTE/ALACANT	0.0	1016.1	1008.9	ALICANTE	8.3	10.3	16.0	10.2	4.4	1.7
18.0	2016-02-17	8025	ALICANTE/ALACANT	0.0	1015.9	1008.8	ALICANTE	5.0	10.3	16.8	10.0	3.1	2.8
99.0	2016-02-18	8025	ALICANTE/ALACANT	0.0	1011.5	1006.7	ALICANTE	7.8	4.8	17.1	12.2	7.4	1.4
7.0	2016-02-19	8025	ALICANTE/ALACANT	0.0	1018.4	1011.3	ALICANTE	8.9	5.1	15.9	13.3	10.7	3.1
8.0	2016-02-20	8025	ALICANTE/ALACANT	0.0	1022.1	1018.4	ALICANTE	12.8	10.4	15.8	11.6	7.3	3.9
6.0	2016-02-21	8025	ALICANTE/ALACANT	0.0	1020.3	1011.2	ALICANTE	7.8	5.9	16.9	11.4	6.0	2.2
14.0	2016-02-22	8025	ALICANTE/ALACANT	0.0	1012.3	1007.6	ALICANTE	5.8	8.5	20.7	16.0	11.3	1.9
27.0	2016-02-23	8025	ALICANTE/ALACANT	0.0	1015.4	1011.9	ALICANTE	8.3	10.1	22.6	17.0	11.3	2.2
32.0	2016-02-24	8025	ALICANTE/ALACANT	0.0	1012.6	1003.9	ALICANTE	11.7	10.3	21.3	15.6	9.8	2.5
32.0	2016-02-25	8025	ALICANTE/ALACANT	0.0	1008.7	1003.9	ALICANTE	12.2	10.2	20.6	16.8	12.9	3.9
18.0	2016-02-26	8025	ALICANTE/ALACANT	0.0	1008.1	987.9	ALICANTE	11.1	6.7	19.8	15.7	11.6	2.2
32.0	2016-02-27	8025	ALICANTE/ALACANT	0.0	988.2	985.4	ALICANTE	15.3	0.4	13.1	10.8	8.4	3.6
3.0	2016-02-28	8025	ALICANTE/ALACANT	0.8	998.1	987.3	ALICANTE	14.2	5.4	17.5	12.6	7.7	2.8
33.0	2016-02-29	8025	ALICANTE/ALACANT	0.0	1010.8	998.0	ALICANTE	11.9	9.8	19.3	14.2	9.2	2.5
14.0	2016-03-01	8025	ALICANTE/ALACANT	0.0	1016.0	1010.8	ALICANTE	6.1	10.3	17.8	12.7	7.6	1.9
28.0	2016-03-02	8025	ALICANTE/ALACANT	0.0	1013.6	1006.4	ALICANTE	12.5	10.3	25.9	17.2	8.5	2.8
36.0	2016-03-03	8025	ALICANTE/ALACANT	0.0	1009.0	1005.1	ALICANTE	11.7	10.5	22.7	16.5	10.3	3.9
18.0	2016-03-04	8025	ALICANTE/ALACANT	0.0	1006.0	993.6	ALICANTE	10.3	10.3	21.2	14.6	8.1	2.2
27.0	2016-03-05	8025	ALICANTE/ALACANT	0.0	1000.8	994.0	ALICANTE	13.6	10.3	18.9	14.9	10.9	5.3
33.0	2016-03-06	8025	ALICANTE/ALACANT	0.0	1003.7	999.9	ALICANTE	11.7	10.0	19.1	13.8	8.6	3.1
24.0	2016-03-07	8025	ALICANTE/ALACANT	1.2	1002.8	995.8	ALICANTE	6.7	0.0	12.9	10.8	8.6	1.4
31.0	2016-03-08	8025	ALICANTE/ALACANT	0.0	1010.7	1000.3	ALICANTE	7.8	10.3	16.8	12.0	7.3	2.8
36.0	2016-03-09	8025	ALICANTE/ALACANT	0.8	1010.6	997.9	ALICANTE	13.3	4.1	17.4	11.5	5.6	3.1
33.0	2016-03-10	8025	ALICANTE/ALACANT	0.0	1007.1	998.9	ALICANTE	14.7	4.8	16.4	11.6	6.9	3.1
31.0	2016-03-11	8025	ALICANTE/ALACANT	0.0	1011.3	1006.2	ALICANTE	7.2	11.2	17.3	10.8	4.4	2.2
8.0	2016-03-12	8025	ALICANTE/ALACANT	0.0	1012.3	1010.1	ALICANTE	7.2	10.0	17.3	11.0	4.7	1.7
16.0	2016-03-13	8025	ALICANTE/ALACANT	0.0	1011.6	1007.6	ALICANTE	7.2	10.9	17.1	11.2	5.2	2.2
10.0	2016-03-14	8025	ALICANTE/ALACANT	0.0	1009.8	1006.7	ALICANTE	7.2	6.6	17.3	13.2	9.1	2.2
14.0	2016-03-15	8025	ALICANTE/ALACANT	0.2	1010.1	1007.7	ALICANTE	6.7	5.2	17.5	12.8	8.1	1.7
7.0	2016-03-16	8025	ALICANTE/ALACANT	0.0	1008.9	1003.5	ALICANTE	11.4	11.3	22.4	14.6	6.9	3.6
12.0	2016-03-17	8025	ALICANTE/ALACANT	0.0	1010.9	1008.6	ALICANTE	7.2	9.7	17.7	12.6	7.6	1.9
15.0	2016-03-18	8025	ALICANTE/ALACANT	0.0	1010.3	1006.1	ALICANTE	6.1	4.3	17.9	14.4	11.0	2.2
12.0	2016-03-19	8025	ALICANTE/ALACANT	0.4	1007.3	1003.4	ALICANTE	6.7	0.8	17.3	14.5	11.7	1.4
6.0	2016-03-20	8025	ALICANTE/ALACANT	0.0	1005.0	1002.6	ALICANTE	6.7	8.8	18.9	14.4	9.8	2.5
8.0	2016-03-21	8025	ALICANTE/ALACANT	7.8	1003.3	998.3	ALICANTE	8.3	1.2	17.3	13.4	9.4	2.5
23.0	2016-03-22	8025	ALICANTE/ALACANT		998.3	995.5	ALICANTE	6.4	0.3	16.8	13.7	10.6	1.9
99.0	2016-03-23	8025	ALICANTE/ALACANT	0.0	999.0	994.1	ALICANTE	9.7	11.4	21.5	15.4	9.4	3.3
13.0	2016-03-24	8025	ALICANTE/ALACANT	0.0	1010.4	999.0	ALICANTE	7.8	11.7	20.6	14.0	7.5	2.2
33.0	2016-03-25	8025	ALICANTE/ALACANT	0.0	1012.0	1009.3	ALICANTE	9.7	9.0	27.5	17.9	8.3	2.5
12.0	2016-03-26	8025	ALICANTE/ALACANT	0.0	1012.9	1008.4	ALICANTE	6.9	11.7	22.2	17.3	12.4	1.9
30.0	2016-03-27	8025	ALICANTE/ALACANT	0.0	1009.5	1006.7	ALICANTE	10.0	8.9	24.7	19.8	15.0	3.6
31.0	2016-03-28	8025	ALICANTE/ALACANT	0.0	1009.4	1007.1	ALICANTE	11.9	9.6	25.8	20.5	15.2	3.3
19.0	2016-03-29	8025	ALICANTE/ALACANT	0.0	1008.9	1006.0	ALICANTE	7.5	12.0	25.7	18.9	12.1	2.2
99.0	2016-03-30	8025	ALICANTE/ALACANT	0.0	1006.7	999.8	ALICANTE	4.7	11.3	23.9	16.8	9.8	1.4
36.0	2016-03-31	8025	ALICANTE/ALACANT	0.0	1004.6	996.4	ALICANTE	10.8	11.5	24.2	18.1	12.0	3.1
31.0	2016-04-01	8025	ALICANTE/ALACANT	0.0	1005.4	1003.5	ALICANTE	10.3	12.0	17.7	14.0	10.2	3.3
99.0	2016-04-02	8025	ALICANTE/ALACANT	0.0	1005.6	1002.9	ALICANTE	9.2	11.8	19.9	13.4	7.0	2.5
99.0	2016-04-03	8025	ALICANTE/ALACANT	0.0	1005.1	1001.8	ALICANTE	6.9	11.2	20.5	15.2	9.8	2.2
99.0	2016-04-04	8025	ALICANTE/ALACANT	12.0	1003.1	991.7	ALICANTE	5.3	5.2	20.5	15.8	11.0	1.4
36.0	2016-04-05	8025	ALICANTE/ALACANT	0.6	1000.9	989.5	ALICANTE	10.3	3.8	18.8	15.0	11.1	2.2
1.0	2016-04-06	8025	ALICANTE/ALACANT	0.0	1005.2	999.9	ALICANTE	8.9	6.0	22.2	16.8	11.5	2.5
10.0	2016-04-07	8025	ALICANTE/ALACANT	0.0	1005.4	1001.8	ALICANTE	8.6	11.6	22.1	17.0	11.8	2.2
33.0	2016-04-08	8025	ALICANTE/ALACANT	0.0	1006.6	1000.4	ALICANTE	10.0	6.7	17.2	13.2	9.3	2.8
19.0	2016-04-09	8025	ALICANTE/ALACANT	0.0	1006.1	1000.3	ALICANTE	10.3	12.3	25.0	16.7	8.4	3.3
99.0	2016-04-10	8025	ALICANTE/ALACANT	0.0	1001.6	996.6	ALICANTE	7.2	12.2	20.8	15.1	9.4	2.2
12.0	2016-04-11	8025	ALICANTE/ALACANT	0.0	1004.0	998.6	ALICANTE	7.2	12.0	22.1	16.6	11.2	2.5
14.0	2016-04-12	8025	ALICANTE/ALACANT	0.0	1003.8	1001.2	ALICANTE	6.7	11.8	21.2	16.1	11.0	1.9
26.0	2016-04-13	8025	ALICANTE/ALACANT	0.0	1007.3	1001.8	ALICANTE	10.0	11.2	25.6	20.0	14.4	2.5
15.0	2016-04-14	8025	ALICANTE/ALACANT	0.0	1007.3	1003.8	ALICANTE	6.7	12.2	23.5	17.8	12.0	2.2
14.0	2016-04-15	8025	ALICANTE/ALACANT	0.0	1004.5	1000.4	ALICANTE	6.4	11.8	23.3	17.4	11.6	1.7
14.0	2016-04-16	8025	ALICANTE/ALACANT	0.0	1003.4	1000.4	ALICANTE	8.1	10.8	26.5	19.8	13.1	1.9
18.0	2016-04-17	8025	ALICANTE/ALACANT	0.0	1006.9	1002.2	ALICANTE	9.2	10.9	26.2	21.0	15.9	2.2
9.0	2016-04-18	8025	ALICANTE/ALACANT	0.0	1009.0	1006.0	ALICANTE	8.1	7.1	22.9	19.1	15.3	2.5
9.0	2016-04-19	8025	ALICANTE/ALACANT	0.0	1008.6	1003.3	ALICANTE	15.0	11.1	21.6	17.8	14.0	6.1
99.0	2016-04-20	8025	ALICANTE/ALACANT	0.0	1009.6	1001.8	ALICANTE	9.2	7.5	23.1	19.3	15.5	3.1
18.0	2016-04-21	8025	ALICANTE/ALACANT	0.0	1011.7	1009.0	ALICANTE	10.6	12.6	25.4	19.0	12.6	3.1
18.0	2016-04-22	8025	ALICANTE/ALACANT	0.0	1011.4	1008.0	ALICANTE	6.4	2.6	20.5	16.8	13.1	1.7
18.0	2016-04-23	8025	ALICANTE/ALACANT	0.0	1008.4	1002.1	ALICANTE	9.7	7.5	25.4	18.9	12.4	2.8
15.0	2016-04-24	8025	ALICANTE/ALACANT	0.0	1005.8	1003.4	ALICANTE	9.4	13.0	23.0	18.2	13.4	2.2
10.0	2016-04-25	8025	ALICANTE/ALACANT	0.0	1008.6	1005.4	ALICANTE	8.6	12.9	19.7	16.0	12.2	2.8
18.0	2016-04-26	8025	ALICANTE/ALACANT	0.0	1005.9	1001.8	ALICANTE	8.3	12.6	22.0	16.2	10.5	1.9
99.0	2016-04-27	8025	ALICANTE/ALACANT	0.0	1002.1	1000.5	ALICANTE	6.4	6.9	21.6	17.0	12.4	1.9
8.0	2016-04-28	8025	ALICANTE/ALACANT	1.0	1007.1	1000.1	ALICANTE	8.6	7.0	21.7	18.4	15.2	2.5
8.0	2016-04-29	8025	ALICANTE/ALACANT	1.0	1009.4	1006.5	ALICANTE	8.1	0.8	17.1	15.9	14.7	2.8
7.0	2016-04-30	8025	ALICANTE/ALACANT	1.0	1013.2	1006.9	ALICANTE	8.9	7.2	21.8	17.6	13.4	1.9
14.0	2016-05-01	8025	ALICANTE/ALACANT	0.0	1014.8	1012.3	ALICANTE	9.2	12.6	21.6	16.4	11.3	2.5
99.0	2016-05-02	8025	ALICANTE/ALACANT	0.0	1014.0	1010.8	ALICANTE	6.7	13.3	21.1	14.8	8.4	2.2
12.0	2016-05-03	8025	ALICANTE/ALACANT	0.0	1013.5	1010.5	ALICANTE	5.8	13.4	24.3	16.6	9.0	1.9
	2016-05-04	8025	ALICANTE/ALACANT	0.0	1011.9	1008.6	ALICANTE			22.6	16.4	10.2	
	2016-05-05	8025	ALICANTE/ALACANT	1.0	1008.6	1003.6	ALICANTE		0.0	18.5	15.4	12.2	
12.0	2016-05-06	8025	ALICANTE/ALACANT	0.0	1004.3	1000.6	ALICANTE	5.8	10.5	21.7	16.0	10.2	1.9
15.0	2016-05-07	8025	ALICANTE/ALACANT	0.0	1000.9	997.7	ALICANTE	6.9	8.0	21.8	17.0	12.1	1.9
6.0	2016-05-08	8025	ALICANTE/ALACANT	0.2	997.8	993.9	ALICANTE	7.5	2.6	20.2	17.6	15.1	2.5
15.0	2016-05-09	8025	ALICANTE/ALACANT	1.4	1001.8	993.4	ALICANTE	7.2	1.5	22.7	17.8	12.9	1.9
6.0	2016-05-10	8025	ALICANTE/ALACANT	8.6	1002.1	996.3	ALICANTE	9.7	2.7	21.1	16.8	12.5	2.2
18.0	2016-05-11	8025	ALICANTE/ALACANT	0.0	998.2	996.1	ALICANTE	10.6	11.2	21.9	17.2	12.5	3.1
24.0	2016-05-12	8025	ALICANTE/ALACANT	0.4	1000.0	996.0	ALICANTE	14.2	9.8	25.5	20.0	14.6	3.6
29.0	2016-05-13	8025	ALICANTE/ALACANT	0.0	1003.5	999.1	ALICANTE	11.7	10.7	25.2	19.8	14.5	4.2
30.0	2016-05-14	8025	ALICANTE/ALACANT	0.0	1007.6	1002.9	ALICANTE	10.3	12.6	27.9	21.5	15.1	3.6
16.0	2016-05-15	8025	ALICANTE/ALACANT	0.0	1010.4	1007.0	ALICANTE	7.2	12.1	23.4	19.8	16.3	1.7
14.0	2016-05-16	8025	ALICANTE/ALACANT	0.0	1012.8	1010.0	ALICANTE	6.1	13.3	24.3	20.2	16.2	1.7
	2016-05-17	8025	ALICANTE/ALACANT	0.0	1010.5	1007.1	ALICANTE		10.7	22.9	18.6	14.2	2.2
18.0	2016-05-18	8025	ALICANTE/ALACANT		1008.2	1005.1	ALICANTE	7.8	9.7	25.2	19.8	14.5	1.7
8.0	2016-05-19	8025	ALICANTE/ALACANT	0.0	1010.6	1004.4	ALICANTE	11.4	13.5	23.6	19.6	15.5	3.1
16.0	2016-05-20	8025	ALICANTE/ALACANT	0.0	1012.8	1010.3	ALICANTE	6.4	13.5	24.0	19.5	15.0	2.2
13.0	2016-05-21	8025	ALICANTE/ALACANT	0.0	1011.5	1006.3	ALICANTE	7.2	13.6	24.2	19.4	14.6	1.9
32.0	2016-05-22	8025	ALICANTE/ALACANT	0.0	1010.5	1003.5	ALICANTE	11.4	13.2	27.9	20.8	13.7	1.9
8.0	2016-05-23	8025	ALICANTE/ALACANT	0.0	1014.5	1009.8	ALICANTE	9.7	12.7	24.0	20.5	17.0	2.8
6.0	2016-05-24	8025	ALICANTE/ALACANT	0.0	1009.8	1001.1	ALICANTE	6.1	12.2	25.9	19.8	13.7	2.2
16.0	2016-05-25	8025	ALICANTE/ALACANT	0.0	1002.5	1000.4	ALICANTE	6.4	12.3	25.0	20.9	16.8	1.7
12.0	2016-05-26	8025	ALICANTE/ALACANT	0.0	1003.7	1001.3	ALICANTE	6.4	10.6	24.5	21.3	18.1	2.2
12.0	2016-05-27	8025	ALICANTE/ALACANT		1005.6	1002.8	ALICANTE	6.1	9.8	24.0	20.0	16.1	2.2
30.0	2016-05-28	8025	ALICANTE/ALACANT		1006.0	1000.6	ALICANTE	18.1	9.5	30.6	24.0	17.4	1.9
31.0	2016-05-29	8025	ALICANTE/ALACANT	0.0	1007.4	1004.8	ALICANTE	11.7	13.4	29.1	23.4	17.6	4.2
17.0	2016-05-30	8025	ALICANTE/ALACANT	0.0	1008.0	1005.0	ALICANTE	10.0	12.6	29.8	24.0	18.1	2.5
10.0	2016-05-31	8025	ALICANTE/ALACANT	0.0	1010.7	1006.7	ALICANTE	9.7	13.7	24.4	20.8	17.1	2.8
99.0	2016-06-01	8025	ALICANTE/ALACANT	0.0	1010.0	1006.7	ALICANTE	6.4	13.8	25.5	20.2	14.8	1.9
16.0	2016-06-02	8025	ALICANTE/ALACANT	0.0	1006.7	1003.1	ALICANTE	6.4	13.0	26.7	21.6	16.6	2.2
7.0	2016-06-03	8025	ALICANTE/ALACANT	0.0	1003.4	1000.7	ALICANTE	6.4	13.5	26.3	21.4	16.4	2.5
17.0	2016-06-04	8025	ALICANTE/ALACANT		1005.7	1000.9	ALICANTE	6.9	10.5	25.7	21.2	16.6	2.2
17.0	2016-06-05	8025	ALICANTE/ALACANT	0.0	1008.4	1004.9	ALICANTE	7.5	9.8	27.0	22.4	17.8	1.7
14.0	2016-06-06	8025	ALICANTE/ALACANT	0.0	1010.2	1007.0	ALICANTE	5.8	12.9	27.3	21.9	16.5	1.9
5.0	2016-06-07	8025	ALICANTE/ALACANT	0.0	1012.9	1009.7	ALICANTE	7.2	13.5	26.8	23.0	19.1	2.2
14.0	2016-06-08	8025	ALICANTE/ALACANT	0.0	1012.5	1006.7	ALICANTE	5.8	13.8	30.0	24.0	18.1	1.7
10.0	2016-06-09	8025	ALICANTE/ALACANT	0.0	1006.8	1001.4	ALICANTE	5.8	12.3	29.4	24.3	19.2	1.4
14.0	2016-06-10	8025	ALICANTE/ALACANT	0.0	1002.1	998.4	ALICANTE	5.8	12.7	28.6	24.4	20.1	1.4
14.0	2016-06-11	8025	ALICANTE/ALACANT	0.0	1006.4	1000.6	ALICANTE	6.4	11.7	29.5	25.6	21.8	2.2
11.0	2016-06-12	8025	ALICANTE/ALACANT	0.0	1007.2	1004.4	ALICANTE	6.7	11.2	27.6	24.3	21.0	1.9
8.0	2016-06-13	8025	ALICANTE/ALACANT	0.0	1004.4	998.0	ALICANTE	9.2	13.7	35.2	27.4	19.5	2.8
30.0	2016-06-14	8025	ALICANTE/ALACANT	0.0	1001.1	995.7	ALICANTE	8.3	13.8	28.6	25.4	22.3	3.1
31.0	2016-06-15	8025	ALICANTE/ALACANT	0.0	995.7	990.6	ALICANTE	11.9	13.6	31.5	26.6	21.7	3.1
16.0	2016-06-16	8025	ALICANTE/ALACANT	0.0	1003.8	994.5	ALICANTE	12.2	7.7	28.8	24.1	19.4	3.9
13.0	2016-06-17	8025	ALICANTE/ALACANT	0.0	1008.7	1003.7	ALICANTE	10.0	12.8	28.9	23.6	18.2	3.3
6.0	2016-06-18	8025	ALICANTE/ALACANT	0.0	1015.8	1007.3	ALICANTE	10.8	13.0	25.5	21.2	16.8	4.2
16.0	2016-06-19	8025	ALICANTE/ALACANT	0.0	1016.4	1013.2	ALICANTE	8.3	12.6	25.1	20.8	16.4	2.2
14.0	2016-06-20	8025	ALICANTE/ALACANT	0.0	1014.3	1011.9	ALICANTE	6.7	13.9	25.6	21.4	17.3	2.5
12.0	2016-06-21	8025	ALICANTE/ALACANT	0.0	1014.2	1012.1	ALICANTE	6.9	13.9	26.8	21.6	16.3	2.2
6.0	2016-06-22	8025	ALICANTE/ALACANT	0.0	1012.4	1010.0	ALICANTE	9.2	13.9	27.9	22.4	16.8	3.3
13.0	2016-06-23	8025	ALICANTE/ALACANT	0.0	1012.2	1010.6	ALICANTE	7.2	13.9	29.3	24.0	18.6	1.9
14.0	2016-06-24	8025	ALICANTE/ALACANT	0.0	1010.9	1005.5	ALICANTE	6.7	13.7	29.7	23.8	17.9	1.9
6.0	2016-06-25	8025	ALICANTE/ALACANT	0.0	1006.2	1003.9	ALICANTE	7.5	13.3	29.6	24.1	18.6	2.8
7.0	2016-06-26	8025	ALICANTE/ALACANT	0.0	1010.6	1004.8	ALICANTE	11.7	11.7	28.2	24.3	20.4	3.9
8.0	2016-06-27	8025	ALICANTE/ALACANT	0.0	1012.3	1009.2	ALICANTE	11.4	13.1	27.1	23.4	19.8	3.3
6.0	2016-06-28	8025	ALICANTE/ALACANT	0.0	1011.5	1005.2	ALICANTE	9.7	5.6	29.4	25.0	20.7	2.8
5.0	2016-06-29	8025	ALICANTE/ALACANT	0.0	1006.7	1004.4	ALICANTE	7.2	10.5	30.8	26.9	23.0	1.9
15.0	2016-06-30	8025	ALICANTE/ALACANT	0.0	1007.7	1005.2	ALICANTE	6.4	11.5	31.1	26.2	21.4	2.2
14.0	2016-07-01	8025	ALICANTE/ALACANT	0.0	1008.4	1006.6	ALICANTE	6.1	13.2	30.2	25.2	20.3	1.9
16.0	2016-07-02	8025	ALICANTE/ALACANT	0.0	1009.4	1007.1	ALICANTE	6.7	13.3	31.7	25.9	20.1	1.9
6.0	2016-07-03	8025	ALICANTE/ALACANT	0.0	1011.1	1006.1	ALICANTE	14.2	13.4	28.4	25.0	21.7	3.9
8.0	2016-07-04	8025	ALICANTE/ALACANT	0.0	1008.3	1005.5	ALICANTE	12.2	12.8	30.0	26.0	21.9	3.1
14.0	2016-07-05	8025	ALICANTE/ALACANT	0.0	1009.0	1005.5	ALICANTE	6.7	13.6	32.9	27.2	21.5	1.9
11.0	2016-07-06	8025	ALICANTE/ALACANT	0.0	1010.2	1008.0	ALICANTE	8.9	13.7	30.7	26.4	22.0	2.8
8.0	2016-07-07	8025	ALICANTE/ALACANT	0.0	1011.0	1006.7	ALICANTE	10.3	4.1	31.6	26.8	22.0	2.8
12.0	2016-07-08	8025	ALICANTE/ALACANT	0.0	1010.3	1007.8	ALICANTE	6.7	11.5	33.8	28.4	23.0	1.9
6.0	2016-07-09	8025	ALICANTE/ALACANT	0.0	1009.3	1006.6	ALICANTE	11.1	13.2	33.0	28.4	23.7	3.3
14.0	2016-07-10	8025	ALICANTE/ALACANT	0.0	1007.5	1004.8	ALICANTE	6.7	13.6	32.7	27.2	21.8	1.4
13.0	2016-07-11	8025	ALICANTE/ALACANT	0.0	1005.6	1002.6	ALICANTE	6.1	13.6	32.2	27.2	22.2	2.2
14.0	2016-07-12	8025	ALICANTE/ALACANT	0.0	1005.2	1002.2	ALICANTE	6.4	13.5	31.1	26.5	21.9	1.9
8.0	2016-07-13	8025	ALICANTE/ALACANT	4.4	1011.6	1004.9	ALICANTE	11.7	8.8	28.2	26.0	23.7	3.3
99.0	2016-07-14	8025	ALICANTE/ALACANT	0.0	1012.4	1008.7	ALICANTE	5.6	5.1	28.0	25.6	23.1	1.9
11.0	2016-07-15	8025	ALICANTE/ALACANT	0.0	1013.5	1011.3	ALICANTE	7.5	5.4	27.3	24.4	21.5	2.5
15.0	2016-07-16	8025	ALICANTE/ALACANT	0.0	1012.7	1009.9	ALICANTE	8.1	13.1	28.0	24.2	20.3	2.5
12.0	2016-07-17	8025	ALICANTE/ALACANT	0.0	1011.2	1009.2	ALICANTE	7.8	13.8	28.6	23.0	17.4	2.8
7.0	2016-07-18	8025	ALICANTE/ALACANT	0.0	1011.4	1009.4	ALICANTE	8.1	13.5	28.1	23.3	18.5	2.5
17.0	2016-07-19	8025	ALICANTE/ALACANT	0.0	1010.9	1008.3	ALICANTE	6.1	11.0	29.3	24.6	19.8	1.7
10.0	2016-07-20	8025	ALICANTE/ALACANT	0.0	1009.6	1006.1	ALICANTE	10.0	6.4	30.7	26.1	21.5	2.5
6.0	2016-07-21	8025	ALICANTE/ALACANT	0.0	1006.7	1002.1	ALICANTE	6.1	12.0	31.2	26.6	22.0	1.9
21.0	2016-07-22	8025	ALICANTE/ALACANT	0.0	1006.6	1000.9	ALICANTE	6.9	12.6	31.8	26.8	21.8	1.9
14.0	2016-07-23	8025	ALICANTE/ALACANT	0.0	1009.6	1006.2	ALICANTE	7.2	13.4	30.1	26.2	22.3	2.2
13.0	2016-07-24	8025	ALICANTE/ALACANT	0.0	1010.4	1008.4	ALICANTE	6.4	13.6	30.8	25.8	20.9	2.2
19.0	2016-07-25	8025	ALICANTE/ALACANT	0.0	1010.6	1008.8	ALICANTE	7.2	13.6	32.2	26.6	21.1	1.9
99.0	2016-07-26	8025	ALICANTE/ALACANT	0.0	1010.5	1007.7	ALICANTE	5.6	13.3	32.8	26.8	20.7	1.7
7.0	2016-07-27	8025	ALICANTE/ALACANT	0.0	1008.8	1006.8	ALICANTE	7.8	12.9	31.9	26.8	21.6	3.3
99.0	2016-07-28	8025	ALICANTE/ALACANT	0.0	1009.5	1006.9	ALICANTE	7.8	13.3	31.6	26.6	21.5	2.8
14.0	2016-07-29	8025	ALICANTE/ALACANT	0.0	1008.2	1005.4	ALICANTE	5.8	13.0	32.7	27.0	21.4	2.2
18.0	2016-07-30	8025	ALICANTE/ALACANT	0.0	1007.1	1003.2	ALICANTE	6.4	12.7	32.9	27.4	22.0	1.9
19.0	2016-07-31	8025	ALICANTE/ALACANT	0.0	1006.1	1002.7	ALICANTE	7.2	6.6	38.8	30.9	23.0	2.2
99.0	2016-08-01	8025	ALICANTE/ALACANT	0.0	1010.5	1004.9	ALICANTE	11.9	11.6	29.2	26.6	23.9	4.2
6.0	2016-08-02	8025	ALICANTE/ALACANT	0.0	1011.2	1008.4	ALICANTE	6.7	13.3	31.8	26.8	21.8	1.7
6.0	2016-08-03	8025	ALICANTE/ALACANT	0.0	1009.1	1004.4	ALICANTE	6.4	12.2	32.5	26.8	21.2	1.9
13.0	2016-08-04	8025	ALICANTE/ALACANT	0.0	1004.6	1001.9	ALICANTE	6.4	12.7	31.0	26.6	22.3	1.7
6.0	2016-08-05	8025	ALICANTE/ALACANT	0.0	1013.0	1002.0	ALICANTE	14.2	12.7	31.2	27.8	24.3	4.2
15.0	2016-08-06	8025	ALICANTE/ALACANT	0.0	1014.5	1012.4	ALICANTE	7.5	13.2	29.5	25.6	21.6	2.5
14.0	2016-08-07	8025	ALICANTE/ALACANT	0.0	1015.3	1012.9	ALICANTE	6.7	13.3	30.3	25.8	21.2	2.2
13.0	2016-08-08	8025	ALICANTE/ALACANT	0.0	1013.9	1010.7	ALICANTE	6.1	13.3	31.0	25.6	20.2	1.9
13.0	2016-08-09	8025	ALICANTE/ALACANT	0.2	1010.7	1006.4	ALICANTE	7.2	13.3	31.4	25.6	19.7	2.5
6.0	2016-08-10	8025	ALICANTE/ALACANT	0.0	1011.0	1006.9	ALICANTE	11.7	4.1	28.4	25.7	23.0	3.1
12.0	2016-08-11	8025	ALICANTE/ALACANT	0.0	1014.2	1010.4	ALICANTE	7.5	12.2	28.7	24.8	21.0	2.5
12.0	2016-08-12	8025	ALICANTE/ALACANT	0.0	1016.1	1013.7	ALICANTE	8.3	11.6	28.5	24.6	20.7	2.8
10.0	2016-08-13	8025	ALICANTE/ALACANT	0.0	1013.9	1011.9	ALICANTE	7.2	12.5	28.4	23.4	18.3	3.1
7.0	2016-08-14	8025	ALICANTE/ALACANT	0.0	1012.6	1010.2	ALICANTE	8.3	13.1	29.8	24.7	19.6	2.2
13.0	2016-08-15	8025	ALICANTE/ALACANT	0.0	1011.0	1007.3	ALICANTE	6.7	12.1	28.9	23.9	18.9	1.9
35.0	2016-08-16	8025	ALICANTE/ALACANT	0.8	1010.0	1005.1	ALICANTE	7.5	2.1	29.3	25.6	21.8	1.1
17.0	2016-08-17	8025	ALICANTE/ALACANT	0.0	1005.2	1001.7	ALICANTE	7.5	12.2	35.1	27.8	20.4	1.9
99.0	2016-08-18	8025	ALICANTE/ALACANT	0.0	1002.8	1000.3	ALICANTE	5.8	11.9	30.4	26.4	22.3	1.9
12.0	2016-08-19	8025	ALICANTE/ALACANT	0.0	1002.9	1000.6	ALICANTE	5.8	12.4	31.0	27.2	23.3	1.7
99.0	2016-08-20	8025	ALICANTE/ALACANT	0.0	1007.9	1001.5	ALICANTE	5.6	11.4	31.2	27.7	24.2	1.9
6.0	2016-08-21	8025	ALICANTE/ALACANT	0.0	1013.7	1007.8	ALICANTE	10.6	6.7	29.8	26.5	23.2	3.9
14.0	2016-08-22	8025	ALICANTE/ALACANT	0.0	1014.9	1012.4	ALICANTE	6.9	12.1	29.6	25.2	20.7	2.2
6.0	2016-08-23	8025	ALICANTE/ALACANT	0.0	1013.6	1010.8	ALICANTE	8.3	12.6	30.1	24.9	19.7	2.8
7.0	2016-08-24	8025	ALICANTE/ALACANT	0.0	1011.1	1008.0	ALICANTE	7.8	12.8	31.4	25.2	19.1	2.5
17.0	2016-08-25	8025	ALICANTE/ALACANT	0.0	1008.2	1006.1	ALICANTE	7.5	12.7	30.6	24.8	19.0	2.5
99.0	2016-08-26	8025	ALICANTE/ALACANT	0.0	1009.8	1006.6	ALICANTE	6.7	12.5	30.1	25.2	20.4	1.9
12.0	2016-08-27	8025	ALICANTE/ALACANT	0.0	1010.8	1008.5	ALICANTE	5.6	12.1	30.1	25.0	19.9	1.9
14.0	2016-08-28	8025	ALICANTE/ALACANT	0.0	1010.8	1007.4	ALICANTE	6.4	11.0	31.2	26.5	21.8	1.7
15.0	2016-08-29	8025	ALICANTE/ALACANT	0.0	1009.2	1006.9	ALICANTE	6.7	11.2	31.5	27.4	23.2	2.2
13.0	2016-08-30	8025	ALICANTE/ALACANT	0.0	1009.6	1007.3	ALICANTE	7.8	10.1	29.9	26.8	23.6	2.5
6.0	2016-08-31	8025	ALICANTE/ALACANT	0.0	1011.8	1007.8	ALICANTE	8.3	11.6	29.4	25.7	22.0	2.8
12.0	2016-09-01	8025	ALICANTE/ALACANT	0.0	1013.3	1011.0	ALICANTE	7.2	11.0	29.5	25.2	21.0	2.5
16.0	2016-09-02	8025	ALICANTE/ALACANT	0.0	1012.4	1010.0	ALICANTE	6.1	12.2	29.6	25.0	20.5	1.9
16.0	2016-09-03	8025	ALICANTE/ALACANT	0.0	1012.0	1009.2	ALICANTE	5.3	12.3	34.0	26.6	19.1	1.7
99.0	2016-09-04	8025	ALICANTE/ALACANT	0.0	1011.2	1009.2	ALICANTE	6.4	12.0	36.4	28.8	21.3	1.7
6.0	2016-09-05	8025	ALICANTE/ALACANT	0.0	1009.8	1007.6	ALICANTE	5.8	11.5	37.2	29.8	22.5	1.7
6.0	2016-09-06	8025	ALICANTE/ALACANT	0.0	1009.5	1006.4	ALICANTE	6.4	11.8	32.0	27.6	23.1	1.9
99.0	2016-09-07	8025	ALICANTE/ALACANT	0.0	1006.6	1004.9	ALICANTE	6.4	11.9	33.5	27.4	21.2	1.7
99.0	2016-09-08	8025	ALICANTE/ALACANT	0.0	1006.8	1004.5	ALICANTE	6.4	11.8	30.7	25.8	20.9	1.9
15.0	2016-09-09	8025	ALICANTE/ALACANT	0.0	1007.2	1004.6	ALICANTE	6.4	12.0	30.1	26.0	21.9	1.9
13.0	2016-09-10	8025	ALICANTE/ALACANT	0.0	1007.5	1004.8	ALICANTE	6.7	10.6	29.5	25.2	20.9	2.2
14.0	2016-09-11	8025	ALICANTE/ALACANT	0.0	1008.8	1006.5	ALICANTE	6.1	11.3	30.5	26.6	22.6	2.2
13.0	2016-09-12	8025	ALICANTE/ALACANT	0.0	1007.8	1004.8	ALICANTE	6.4	11.0	30.1	25.4	20.7	2.2
16.0	2016-09-13	8025	ALICANTE/ALACANT	0.0	1005.6	1000.2	ALICANTE	8.9	10.2	29.3	24.7	20.1	2.8
23.0	2016-09-14	8025	ALICANTE/ALACANT	0.0	1005.8	1001.8	ALICANTE	8.9	8.4	28.3	23.0	17.6	3.1
17.0	2016-09-15	8025	ALICANTE/ALACANT	0.0	1007.7	1003.7	ALICANTE	11.1	9.8	28.8	21.9	15.0	1.7
7.0	2016-09-16	8025	ALICANTE/ALACANT	0.0	1012.1	1007.0	ALICANTE	11.7	11.8	32.0	24.5	17.0	2.2
14.0	2016-09-17	8025	ALICANTE/ALACANT	0.0	1011.7	1007.8	ALICANTE	8.3	10.5	29.3	23.2	17.0	2.8
14.0	2016-09-18	8025	ALICANTE/ALACANT	0.0	1010.4	1007.4	ALICANTE	7.8	10.0	26.9	22.6	18.4	2.2
19.0	2016-09-19	8025	ALICANTE/ALACANT	0.0	1010.1	1006.4	ALICANTE	11.1	11.0	28.5	22.6	16.8	2.5
15.0	2016-09-20	8025	ALICANTE/ALACANT	0.2	1006.4	1003.9	ALICANTE	6.7	4.9	27.8	23.8	19.7	1.9
16.0	2016-09-21	8025	ALICANTE/ALACANT	0.0	1007.4	1005.3	ALICANTE	6.4	11.4	28.0	22.8	17.5	1.7
14.0	2016-09-22	8025	ALICANTE/ALACANT	0.0	1011.5	1006.8	ALICANTE	6.4	11.1	28.4	23.1	17.8	1.9
4.0	2016-09-23	8025	ALICANTE/ALACANT	0.0	1014.1	1010.7	ALICANTE	8.9	7.9	28.6	22.7	16.8	2.2
12.0	2016-09-24	8025	ALICANTE/ALACANT	0.0	1013.3	1010.0	ALICANTE	6.1	10.4	27.9	22.8	17.8	2.2
20.0	2016-09-25	8025	ALICANTE/ALACANT	0.0	1011.4	1008.8	ALICANTE	7.2	8.8	27.8	24.0	20.3	1.7
12.0	2016-09-26	8025	ALICANTE/ALACANT	0.0	1012.3	1009.2	ALICANTE	6.4	4.1	27.4	24.2	21.1	1.7
14.0	2016-09-27	8025	ALICANTE/ALACANT	2.0	1015.4	1011.3	ALICANTE	7.2	7.6	28.3	23.7	19.1	1.7
1.0	2016-09-28	8025	ALICANTE/ALACANT	2.2	1017.5	1013.8	ALICANTE	13.3	9.7	26.1	22.0	17.9	3.6
7.0	2016-09-29	8025	ALICANTE/ALACANT		1017.4	1011.5	ALICANTE	9.4	9.2	26.4	22.8	19.2	2.8
6.0	2016-09-30	8025	ALICANTE/ALACANT	0.0	1011.5	1006.1	ALICANTE	7.2	10.9	27.0	22.0	17.0	2.2
18.0	2016-10-01	8025	ALICANTE/ALACANT	0.0	1006.1	1003.1	ALICANTE	8.6	10.0	28.9	22.8	16.7	1.9
12.0	2016-10-02	8025	ALICANTE/ALACANT	0.0	1008.9	1003.6	ALICANTE	5.8	10.8	27.7	22.2	16.7	1.1
6.0	2016-10-03	8025	ALICANTE/ALACANT	0.0	1011.6	1008.9	ALICANTE	7.8	7.6	27.2	21.6	16.0	2.2
14.0	2016-10-04	8025	ALICANTE/ALACANT	0.0	1011.9	1008.9	ALICANTE	5.3	10.5	27.2	21.8	16.4	1.7
99.0	2016-10-05	8025	ALICANTE/ALACANT	0.0	1010.9	1005.9	ALICANTE	6.1	6.9	27.1	22.8	18.4	1.4
20.0	2016-10-06	8025	ALICANTE/ALACANT	0.0	1005.9	998.9	ALICANTE	8.1	10.6	28.8	22.9	17.0	1.9
12.0	2016-10-07	8025	ALICANTE/ALACANT	0.0	1006.3	1002.2	ALICANTE	5.8	10.4	27.8	23.1	18.4	1.7
15.0	2016-10-08	8025	ALICANTE/ALACANT	0.0	1008.1	1005.3	ALICANTE	5.8	6.5	26.9	22.5	18.1	1.7
12.0	2016-10-09	8025	ALICANTE/ALACANT	0.4	1008.6	1006.3	ALICANTE	6.1	8.8	27.1	22.8	18.4	2.2
12.0	2016-10-10	8025	ALICANTE/ALACANT	0.0	1008.6	1005.5	ALICANTE	6.7	8.9	26.1	21.8	17.4	1.9
18.0	2016-10-11	8025	ALICANTE/ALACANT	0.0	1005.5	1000.0	ALICANTE	7.8	10.8	30.1	23.4	16.8	2.2
14.0	2016-10-12	8025	ALICANTE/ALACANT	1.2	1000.5	993.9	ALICANTE	7.5	4.1	26.9	22.4	17.9	2.8
25.0	2016-10-13	8025	ALICANTE/ALACANT	11.2	994.2	991.6	ALICANTE	10.0	0.9	20.7	17.2	13.6	1.7
99.0	2016-10-14	8025	ALICANTE/ALACANT	0.0	1002.6	993.6	ALICANTE	7.2	7.6	26.1	19.8	13.5	1.7
18.0	2016-10-15	8025	ALICANTE/ALACANT	0.0	1008.2	1002.6	ALICANTE	6.4	10.7	26.3	19.6	13.0	1.1
99.0	2016-10-16	8025	ALICANTE/ALACANT	0.0	1010.8	1007.7	ALICANTE	6.7	10.2	25.5	19.5	13.5	2.2
15.0	2016-10-17	8025	ALICANTE/ALACANT	0.2	1013.3	1009.6	ALICANTE	6.7	9.5	28.1	22.0	15.9	1.9
8.0	2016-10-18	8025	ALICANTE/ALACANT	10.4	1015.4	1012.8	ALICANTE	7.2	5.0	24.7	22.1	19.5	2.2
32.0	2016-10-19	8025	ALICANTE/ALACANT	0.6	1014.2	1007.1	ALICANTE	4.7	1.0	22.9	20.4	17.8	1.1
32.0	2016-10-20	8025	ALICANTE/ALACANT	21.2	1007.1	1003.9	ALICANTE	14.7	1.6	23.0	18.9	14.8	1.7
7.0	2016-10-21	8025	ALICANTE/ALACANT	0.0	1005.3	1003.3	ALICANTE	3.9	2.5	22.5	18.3	14.1	1.1
20.0	2016-10-22	8025	ALICANTE/ALACANT	0.0	1003.5	999.3	ALICANTE	4.2	6.2	24.0	20.2	16.4	1.1
19.0	2016-10-23	8025	ALICANTE/ALACANT	0.0	1000.1	997.8	ALICANTE	8.9	7.9	26.6	21.7	16.8	1.7
99.0	2016-10-24	8025	ALICANTE/ALACANT	0.2	1004.8	999.6	ALICANTE	5.8	6.8	25.5	21.6	17.7	2.2
7.0	2016-10-25	8025	ALICANTE/ALACANT	0.0	1010.3	1003.8	ALICANTE	6.1	0.5	27.1	23.6	20.0	1.9
3.0	2016-10-26	8025	ALICANTE/ALACANT	0.0	1014.3	1009.1	ALICANTE	5.3	4.8	28.2	23.6	19.1	1.1
4.0	2016-10-27	8025	ALICANTE/ALACANT	0.0	1019.2	1014.3	ALICANTE	7.2	7.4	25.0	21.1	17.2	1.7
6.0	2016-10-28	8025	ALICANTE/ALACANT	0.0	1021.4	1018.6	ALICANTE	6.9	6.9	23.6	19.3	15.0	2.2
15.0	2016-10-29	8025	ALICANTE/ALACANT	0.0	1020.1	1014.1	ALICANTE	5.0	10.1	24.4	18.6	12.8	1.4
13.0	2016-10-30	8025	ALICANTE/ALACANT	0.0	1014.1	1011.0	ALICANTE	4.4	9.6	23.0	17.1	11.2	1.1
6.0	2016-10-31	8025	ALICANTE/ALACANT	0.0	1014.4	1011.5	ALICANTE	5.8	8.9	23.6	18.6	13.6	1.7
14.0	2016-11-01	8025	ALICANTE/ALACANT	0.0	1014.7	1012.3	ALICANTE	4.7	9.3	24.1	18.6	13.0	1.4
20.0	2016-11-02	8025	ALICANTE/ALACANT	0.0	1012.7	1008.2	ALICANTE	6.4	9.3	27.5	20.8	14.0	1.9
22.0	2016-11-03	8025	ALICANTE/ALACANT	0.0	1008.7	1006.7	ALICANTE	5.3	9.6	29.2	22.0	14.8	1.7
6.0	2016-11-04	8025	ALICANTE/ALACANT	0.0	1008.5	1004.3	ALICANTE	4.7	2.5	23.4	19.8	16.1	1.4
22.0	2016-11-05	8025	ALICANTE/ALACANT	0.2	1004.6	996.5	ALICANTE	10.3	4.6	27.7	22.4	17.0	2.5
30.0	2016-11-06	8025	ALICANTE/ALACANT	0.0	1001.7	996.8	ALICANTE	12.8	9.7	20.2	16.5	12.8	3.3
8.0	2016-11-07	8025	ALICANTE/ALACANT	0.2	1003.0	998.7	ALICANTE	6.7	6.0	19.2	14.6	9.9	1.7
28.0	2016-11-08	8025	ALICANTE/ALACANT	0.0	1012.8	1002.9	ALICANTE	12.5	9.7	18.3	13.8	9.2	3.3
30.0	2016-11-09	8025	ALICANTE/ALACANT	0.0	1012.2	1009.8	ALICANTE	13.9	5.4	21.6	16.6	11.5	3.6
99.0	2016-11-10	8025	ALICANTE/ALACANT	0.0	1014.1	1011.0	ALICANTE	6.4	9.6	22.4	16.4	10.4	1.9
22.0	2016-11-11	8025	ALICANTE/ALACANT	0.0	1014.0	1010.2	ALICANTE	6.1	9.7	22.6	15.4	8.1	1.4
14.0	2016-11-12	8025	ALICANTE/ALACANT	0.0	1013.3	1010.5	ALICANTE	6.4	8.5	22.2	16.2	10.3	1.9
14.0	2016-11-13	8025	ALICANTE/ALACANT	0.0	1013.4	1011.1	ALICANTE	4.2	7.8	21.5	16.0	10.4	1.1
6.0	2016-11-14	8025	ALICANTE/ALACANT	0.4	1015.2	1011.2	ALICANTE	12.5	1.6	18.5	14.4	10.2	2.2
36.0	2016-11-15	8025	ALICANTE/ALACANT	0.0	1016.7	1014.4	ALICANTE	12.8	3.0	16.9	14.7	12.5	4.4
35.0	2016-11-16	8025	ALICANTE/ALACANT	0.0	1015.7	1012.2	ALICANTE	9.4	9.4	20.4	14.6	8.8	2.5
11.0	2016-11-17	8025	ALICANTE/ALACANT	0.0	1012.3	1008.7	ALICANTE	4.7	9.3	20.4	13.4	6.4	1.4
20.0	2016-11-18	8025	ALICANTE/ALACANT	0.0	1008.7	1002.9	ALICANTE	7.8	9.4	23.8	16.1	8.4	1.7
34.0	2016-11-19	8025	ALICANTE/ALACANT	0.0	1007.0	1003.7	ALICANTE	6.9	5.4	21.0	16.4	11.7	1.7
21.0	2016-11-20	8025	ALICANTE/ALACANT		1004.8	999.4	ALICANTE	6.9	6.7	20.5	15.2	9.9	1.9
17.0	2016-11-21	8025	ALICANTE/ALACANT	1.6	999.4	995.3	ALICANTE	5.3	4.2	22.0	17.6	13.1	1.4
8.0	2016-11-22	8025	ALICANTE/ALACANT	9.2	997.2	992.1	ALICANTE	7.8	2.8	19.8	16.8	13.8	2.2
22.0	2016-11-23	8025	ALICANTE/ALACANT	7.2	998.4	992.4	ALICANTE	4.7	1.0	14.3	11.2	8.2	1.1
25.0	2016-11-24	8025	ALICANTE/ALACANT	0.0	1003.0	998.1	ALICANTE	5.6	5.3	16.7	11.6	6.5	1.4
15.0	2016-11-25	8025	ALICANTE/ALACANT	0.0	1004.4	1001.7	ALICANTE	4.7	7.7	17.4	11.5	5.6	1.4
8.0	2016-11-26	8025	ALICANTE/ALACANT		1001.7	996.7	ALICANTE	7.2	3.5	19.5	15.2	11.0	2.5
20.0	2016-11-27	8025	ALICANTE/ALACANT	7.6	998.6	996.6	ALICANTE	8.1	0.4	18.2	14.5	10.8	1.7
32.0	2016-11-28	8025	ALICANTE/ALACANT	0.0	1006.0	997.4	ALICANTE	4.4	2.1	18.0	13.2	8.4	0.8
6.0	2016-11-29	8025	ALICANTE/ALACANT	4.0	1016.2	1006.0	ALICANTE	8.1	1.1	16.8	14.0	11.3	2.2
6.0	2016-11-30	8025	ALICANTE/ALACANT	1.6	1019.6	1016.1	ALICANTE	10.3	4.3	18.7	14.0	9.4	2.8
6.0	2016-12-01	8025	ALICANTE/ALACANT	0.2	1019.0	1014.1	ALICANTE	8.6	1.2	16.5	13.9	11.3	1.9
18.0	2016-12-02	8025	ALICANTE/ALACANT	0.0	1014.2	1005.9	ALICANTE	5.8	6.5	20.4	15.0	9.7	1.1
12.0	2016-12-03	8025	ALICANTE/ALACANT	0.2	1006.3	1003.9	ALICANTE	3.6	5.5	18.5	13.0	7.5	1.1
8.0	2016-12-04	8025	ALICANTE/ALACANT	10.6	1004.4	1001.3	ALICANTE	9.2	0.0	17.0	15.2	13.3	2.8
7.0	2016-12-05	8025	ALICANTE/ALACANT	15.2	1011.0	1002.8	ALICANTE	6.4	0.8	18.3	16.6	14.9	0.8
36.0	2016-12-06	8025	ALICANTE/ALACANT	0.0	1018.6	1010.8	ALICANTE	10.0	7.7	19.8	15.2	10.6	2.8
99.0	2016-12-07	8025	ALICANTE/ALACANT		1022.1	1018.0	ALICANTE	5.3	8.1	19.8	14.1	8.4	1.4
7.0	2016-12-08	8025	ALICANTE/ALACANT		1023.7	1021.4	ALICANTE	8.9	8.6	19.4	14.0	8.7	1.7
36.0	2016-12-09	8025	ALICANTE/ALACANT		1023.2	1020.8	ALICANTE	4.2	2.3	19.1	16.2	13.2	1.1
20.0	2016-12-10	8025	ALICANTE/ALACANT	0.0	1020.8	1017.5	ALICANTE	3.3	3.8	19.0	14.8	10.7	0.6
5.0	2016-12-11	8025	ALICANTE/ALACANT	0.0	1017.5	1013.8	ALICANTE	2.8	8.0	17.5	13.2	8.8	1.1
6.0	2016-12-12	8025	ALICANTE/ALACANT	0.0	1014.6	1011.5	ALICANTE	6.4	8.8	20.1	13.4	6.8	1.4
18.0	2016-12-13	8025	ALICANTE/ALACANT	0.0	1016.4	1014.0	ALICANTE	4.2	3.8	18.1	12.8	7.4	0.8
19.0	2016-12-14	8025	ALICANTE/ALACANT	0.0	1015.0	1010.4	ALICANTE	6.4	5.7	17.8	13.0	8.2	1.4
99.0	2016-12-15	8025	ALICANTE/ALACANT	3.8	1012.0	1009.9	ALICANTE	3.6	0.2	15.6	12.3	9.0	0.8
2.0	2016-12-16	8025	ALICANTE/ALACANT	16.2	1011.9	1006.4	ALICANTE	9.7	0.6	15.1	12.4	9.7	1.7
8.0	2016-12-17	8025	ALICANTE/ALACANT	22.6	1018.8	1011.3	ALICANTE	15.8	0.4	16.5	13.6	10.6	4.7
7.0	2016-12-18	8025	ALICANTE/ALACANT	32.2	1018.1	1005.8	ALICANTE	13.3	0.0	13.9	12.4	10.9	4.2
	2016-12-19	8025	ALICANTE/ALACANT	13.6	1005.8	999.8	ALICANTE		0.0	12.6	11.4	10.2	3.6
28.0	2016-12-20	8025	ALICANTE/ALACANT	0.0	1011.3	1003.5	ALICANTE	7.8	7.9	16.8	12.9	9.0	2.5
31.0	2016-12-21	8025	ALICANTE/ALACANT	0.0	1019.0	1011.2	ALICANTE	6.7	8.0	17.5	12.8	8.2	1.7
35.0	2016-12-22	8025	ALICANTE/ALACANT	0.0	1025.1	1018.6	ALICANTE	6.9	8.8	19.6	13.6	7.6	1.7
13.0	2016-12-23	8025	ALICANTE/ALACANT	0.0	1026.9	1024.9	ALICANTE	4.2	8.8	18.6	12.3	6.0	1.4
14.0	2016-12-24	8025	ALICANTE/ALACANT	0.0	1027.6	1025.5	ALICANTE	3.6	8.9	18.9	12.4	6.0	1.1
99.0	2016-12-25	8025	ALICANTE/ALACANT	0.0	1026.4	1020.9	ALICANTE	5.8	8.8	19.0	12.7	6.4	1.7
99.0	2016-12-26	8025	ALICANTE/ALACANT	0.0	1021.5	1019.8	ALICANTE	3.6	8.9	18.5	12.1	5.7	0.8
15.0	2016-12-27	8025	ALICANTE/ALACANT	0.0	1024.3	1021.0	ALICANTE	4.2	8.9	18.6	12.0	5.5	1.1
	2016-12-28	8025	ALICANTE/ALACANT	0.0	1024.5	1023.2	ALICANTE		0.0	16.8	11.8	6.8	
15.0	2016-12-29	8025	ALICANTE/ALACANT	0.0	1024.5	1021.7	ALICANTE	5.3	8.3	19.5	13.4	7.4	1.1
28.0	2016-12-30	8025	ALICANTE/ALACANT	0.0	1026.1	1023.2	ALICANTE	4.4	2.9	15.9	11.5	7.1	0.8
15.0	2016-12-31	8025	ALICANTE/ALACANT	0.0	1023.7	1019.8	ALICANTE	3.9	7.9	16.7	13.2	9.8	1.4
27.0	2017-01-01	8025	ALICANTE/ALACANT	0.0	1019.8	1012.8	ALICANTE	6.4	8.6	17.3	12.7	8.1	1.4
19.0	2017-01-02	8025	ALICANTE/ALACANT	0.0	1013.8	1011.4	ALICANTE	3.9	5.8	16.9	11.4	6.0	1.1
28.0	2017-01-03	8025	ALICANTE/ALACANT	0.0	1014.8	1011.5	ALICANTE	7.8	8.0	20.2	12.0	3.8	1.4
27.0	2017-01-04	8025	ALICANTE/ALACANT	0.0	1015.1	1011.8	ALICANTE	7.8	8.9	20.3	15.0	9.6	1.4
33.0	2017-01-05	8025	ALICANTE/ALACANT	0.0	1016.0	1010.3	ALICANTE	6.9	9.0	18.8	12.8	6.9	1.4
17.0	2017-01-06	8025	ALICANTE/ALACANT	0.0	1020.3	1016.0	ALICANTE	3.9	2.9	16.5	11.6	6.7	1.4
20.0	2017-01-07	8025	ALICANTE/ALACANT	0.0	1021.1	1018.4	ALICANTE	5.8	8.9	16.8	11.2	5.5	1.4
22.0	2017-01-08	8025	ALICANTE/ALACANT	0.0	1019.9	1014.3	ALICANTE	6.7	9.0	16.5	9.9	3.3	1.4
7.0	2017-01-09	8025	ALICANTE/ALACANT	0.0	1017.4	1012.0	ALICANTE	3.9	8.9	16.6	9.8	2.9	1.1
31.0	2017-01-10	8025	ALICANTE/ALACANT	0.0	1012.0	1002.2	ALICANTE	11.7	0.2	16.0	10.6	5.3	2.8
32.0	2017-01-11	8025	ALICANTE/ALACANT	0.0	1017.3	1003.8	ALICANTE	9.2	8.4	16.3	12.2	8.2	1.9
22.0	2017-01-12	8025	ALICANTE/ALACANT	0.0	1017.3	1009.1	ALICANTE	8.3	8.9	19.6	12.8	6.1	2.5
28.0	2017-01-13	8025	ALICANTE/ALACANT	0.0	1012.6	1006.2	ALICANTE	14.2	9.0	19.1	14.7	10.3	3.9
35.0	2017-01-14	8025	ALICANTE/ALACANT	0.0	1016.4	1011.9	ALICANTE	10.6	9.1	15.2	11.4	7.5	3.3
32.0	2017-01-15	8025	ALICANTE/ALACANT	0.0	1015.8	1013.0	ALICANTE	12.5	8.5	16.0	11.6	7.3	3.9
35.0	2017-01-16	8025	ALICANTE/ALACANT	0.0	1013.3	1005.4	ALICANTE	14.4	8.8	18.3	13.9	9.5	3.3
8.0	2017-01-17	8025	ALICANTE/ALACANT	0.4	1008.9	1003.2	ALICANTE	12.8	2.8	12.6	7.4	2.2	4.4
7.0	2017-01-18	8025	ALICANTE/ALACANT	16.4	1010.1	1007.9	ALICANTE	8.9	0.3	8.5	4.6	0.6	1.9
3.0	2017-01-19	8025	ALICANTE/ALACANT	54.8	1008.5	1000.7	ALICANTE	13.1	0.4	10.6	7.7	4.8	2.8
35.0	2017-01-20	8025	ALICANTE/ALACANT	2.2	1006.6	1003.6	ALICANTE	7.8	3.5	16.1	12.1	8.1	1.4
34.0	2017-01-21	8025	ALICANTE/ALACANT	6.8	1004.5	999.8	ALICANTE	16.7	0.1	11.2	9.6	8.0	4.7
2.0	2017-01-22	8025	ALICANTE/ALACANT	0.2	1005.7	1000.9	ALICANTE	14.7	0.7	12.4	10.4	8.4	3.3
2.0	2017-01-23	8025	ALICANTE/ALACANT	0.0	1009.2	1005.1	ALICANTE	8.6	5.8	14.7	11.2	7.7	2.5
36.0	2017-01-24	8025	ALICANTE/ALACANT	0.0	1012.6	1008.1	ALICANTE	6.4	4.7	16.7	10.8	4.8	1.4
26.0	2017-01-25	8025	ALICANTE/ALACANT	0.0	1012.0	1007.3	ALICANTE	6.1	9.6	19.8	11.6	3.5	1.7
14.0	2017-01-26	8025	ALICANTE/ALACANT	0.2	1009.2	1005.6	ALICANTE	5.3	7.4	15.3	9.2	3.0	1.7
30.0	2017-01-27	8025	ALICANTE/ALACANT		1005.6	999.6	ALICANTE	8.1	2.9	15.8	12.6	9.3	2.5
26.0	2017-01-28	8025	ALICANTE/ALACANT	0.0	1015.7	1003.1	ALICANTE	14.2	8.3	16.4	12.7	9.0	3.6
28.0	2017-01-29	8025	ALICANTE/ALACANT	0.0	1017.2	1014.5	ALICANTE	5.6	6.7	17.3	12.3	7.3	1.4
19.0	2017-01-30	8025	ALICANTE/ALACANT	0.0	1015.1	1009.7	ALICANTE	6.7	7.7	20.8	14.9	9.0	1.1
12.0	2017-01-31	8025	ALICANTE/ALACANT	0.0	1009.7	1006.9	ALICANTE	3.9	9.3	18.7	12.9	7.1	1.1
14.0	2017-02-01	8025	ALICANTE/ALACANT	0.0	1009.6	1007.6	ALICANTE	4.2	8.4	18.6	12.4	6.3	1.1
19.0	2017-02-02	8025	ALICANTE/ALACANT		1010.1	1005.7	ALICANTE	5.0	1.5	16.5	11.4	6.4	1.1
21.0	2017-02-03	8025	ALICANTE/ALACANT	0.0	1010.0	1007.2	ALICANTE	10.3	5.9	20.8	14.5	8.2	1.7
20.0	2017-02-04	8025	ALICANTE/ALACANT		1010.2	1006.2	ALICANTE	7.8	3.3	21.2	15.6	10.1	2.2
35.0	2017-02-05	8025	ALICANTE/ALACANT	0.6	1014.4	1002.8	ALICANTE	19.2	6.5	19.3	15.0	10.6	4.2
32.0	2017-02-06	8025	ALICANTE/ALACANT	0.0	1015.2	1010.2	ALICANTE	16.1	8.5	20.2	15.4	10.5	3.3
29.0	2017-02-07	8025	ALICANTE/ALACANT	0.0	1012.4	1008.7	ALICANTE	10.3	9.0	22.8	18.4	14.0	2.8
34.0	2017-02-08	8025	ALICANTE/ALACANT	0.0	1013.5	1010.0	ALICANTE	16.4	10.1	17.3	13.6	9.9	3.6
32.0	2017-02-09	8025	ALICANTE/ALACANT	0.0	1013.5	1006.7	ALICANTE	6.4	9.5	15.9	11.4	7.0	1.7
7.0	2017-02-10	8025	ALICANTE/ALACANT	0.0	1006.9	1003.6	ALICANTE	8.6	6.8	14.3	10.2	6.1	2.8
7.0	2017-02-11	8025	ALICANTE/ALACANT	0.0	1004.1	996.6	ALICANTE	11.1	3.2	16.4	13.3	10.2	3.3
6.0	2017-02-12	8025	ALICANTE/ALACANT	0.6	997.9	994.2	ALICANTE	10.0	2.2	17.9	16.0	14.2	3.3
16.0	2017-02-13	8025	ALICANTE/ALACANT	3.0	1008.0	993.2	ALICANTE	9.2	3.9	20.9	15.1	9.3	1.9
7.0	2017-02-14	8025	ALICANTE/ALACANT	0.0	1018.6	1008.0	ALICANTE	6.7	8.7	21.5	14.3	7.1	2.2
6.0	2017-02-15	8025	ALICANTE/ALACANT	0.0	1022.6	1018.6	ALICANTE	9.4	9.9	18.0	12.2	6.4	2.5
5.0	2017-02-16	8025	ALICANTE/ALACANT	0.0	1022.8	1020.2	ALICANTE	8.1	8.7	17.7	12.3	6.9	2.5
99.0	2017-02-17	8025	ALICANTE/ALACANT	0.0	1020.7	1015.3	ALICANTE	5.3	6.7	17.0	12.3	7.6	1.7
14.0	2017-02-18	8025	ALICANTE/ALACANT	0.0	1015.3	1009.9	ALICANTE	7.2	9.5	17.3	11.8	6.3	1.9
5.0	2017-02-19	8025	ALICANTE/ALACANT	0.0	1015.6	1011.0	ALICANTE	11.1	7.1	16.6	12.6	8.7	3.1
8.0	2017-02-20	8025	ALICANTE/ALACANT	0.0	1016.3	1013.7	ALICANTE	12.2	6.3	16.1	12.0	7.9	3.3
7.0	2017-02-21	8025	ALICANTE/ALACANT	0.0	1016.1	1012.3	ALICANTE	9.4	9.3	17.4	11.6	5.7	3.1
8.0	2017-02-22	8025	ALICANTE/ALACANT	2.4	1013.3	1008.8	ALICANTE	10.3	7.8	18.4	13.2	7.9	3.3
14.0	2017-02-23	8025	ALICANTE/ALACANT	0.2	1009.1	1000.9	ALICANTE	10.0	4.2	20.6	16.4	12.3	3.6
5.0	2017-02-24	8025	ALICANTE/ALACANT	0.2	1007.7	1001.2	ALICANTE	6.1	1.7	17.2	15.1	13.0	1.4
14.0	2017-02-25	8025	ALICANTE/ALACANT	0.0	1012.5	1007.5	ALICANTE	5.8	5.5	16.4	14.0	11.7	1.7
21.0	2017-02-26	8025	ALICANTE/ALACANT	0.0	1013.2	1009.6	ALICANTE	6.9	9.3	17.5	12.5	7.5	1.7
31.0	2017-02-27	8025	ALICANTE/ALACANT	0.0	1009.6	1004.0	ALICANTE	10.8	9.1	21.9	15.6	9.4	1.9
31.0	2017-02-28	8025	ALICANTE/ALACANT	0.0	1008.9	1002.8	ALICANTE	11.7	10.1	22.6	18.4	14.1	3.6
15.0	2017-03-01	8025	ALICANTE/ALACANT	0.0	1012.3	1008.6	ALICANTE	7.2	10.7	19.0	14.7	10.4	1.7
12.0	2017-03-02	8025	ALICANTE/ALACANT	0.0	1011.0	1007.7	ALICANTE	5.8	10.8	21.3	15.2	9.1	1.7
26.0	2017-03-03	8025	ALICANTE/ALACANT	2.4	1007.7	992.5	ALICANTE	13.6	6.9	17.4	13.2	9.1	1.9
99.0	2017-03-04	8025	ALICANTE/ALACANT	0.6	1005.1	997.9	ALICANTE	11.7	3.2	13.9	10.6	7.2	1.4
32.0	2017-03-05	8025	ALICANTE/ALACANT	0.0	1012.4	1004.9	ALICANTE	10.8	8.3	20.9	14.1	7.3	2.2
31.0	2017-03-06	8025	ALICANTE/ALACANT	0.0	1014.1	1009.8	ALICANTE	15.0	7.1	23.7	19.5	15.3	3.3
32.0	2017-03-07	8025	ALICANTE/ALACANT	0.0	1014.1	1010.5	ALICANTE	12.8	10.7	26.4	21.2	16.0	3.9
30.0	2017-03-08	8025	ALICANTE/ALACANT	0.0	1018.0	1012.6	ALICANTE	6.9	10.8	21.0	16.8	12.5	1.9
20.0	2017-03-09	8025	ALICANTE/ALACANT	0.0	1017.6	1012.5	ALICANTE	5.3	11.1	27.4	19.0	10.5	1.4
8.0	2017-03-10	8025	ALICANTE/ALACANT	0.0	1012.5	1008.9	ALICANTE	9.2	11.1	32.5	23.2	13.8	2.8
13.0	2017-03-11	8025	ALICANTE/ALACANT	0.0	1009.5	1005.2	ALICANTE	4.7	10.8	22.3	16.0	9.8	1.4
35.0	2017-03-12	8025	ALICANTE/ALACANT	30.0	1006.9	1003.2	ALICANTE	10.0	8.4	22.0	16.8	11.6	1.7
6.0	2017-03-13	8025	ALICANTE/ALACANT	112.2	1013.6	1002.9	ALICANTE	16.9	0.0	13.7	10.8	8.0	3.9
	2017-03-14	8025	ALICANTE/ALACANT	0.0	1015.9	1011.5	ALICANTE		5.3	19.0	16.0	13.1	
8.0	2017-03-15	8025	ALICANTE/ALACANT	0.0	1015.9	1013.4	ALICANTE	10.3	11.0	18.4	13.2	8.0	3.3
7.0	2017-03-16	8025	ALICANTE/ALACANT	0.0	1014.6	1012.1	ALICANTE	7.5	10.9	18.3	12.6	6.8	2.2
8.0	2017-03-17	8025	ALICANTE/ALACANT	0.0	1013.8	1011.9	ALICANTE	9.2	10.8	17.8	12.6	7.3	3.1
12.0	2017-03-18	8025	ALICANTE/ALACANT	0.0	1013.3	1010.3	ALICANTE	5.6	11.4	20.7	13.6	6.6	1.9
11.0	2017-03-19	8025	ALICANTE/ALACANT	0.0	1010.3	1005.4	ALICANTE	4.4	11.5	20.6	14.2	7.9	1.4
19.0	2017-03-20	8025	ALICANTE/ALACANT	0.0	1005.8	1003.9	ALICANTE	6.1	9.7	21.4	16.4	11.3	1.7
28.0	2017-03-21	8025	ALICANTE/ALACANT	0.0	1005.9	1002.7	ALICANTE	8.1	9.3	20.9	16.6	12.2	1.4
18.0	2017-03-22	8025	ALICANTE/ALACANT	0.0	1005.8	1000.2	ALICANTE	10.0	10.3	22.3	17.0	11.8	3.1
18.0	2017-03-23	8025	ALICANTE/ALACANT	0.0	1003.6	1000.0	ALICANTE	9.7	8.8	17.0	13.2	9.5	3.3
15.0	2017-03-24	8025	ALICANTE/ALACANT	0.0	1005.3	1002.8	ALICANTE	7.2	5.3	15.3	11.4	7.4	2.5
13.0	2017-03-25	8025	ALICANTE/ALACANT	0.0	1008.7	1004.8	ALICANTE	10.0	11.6	18.1	11.8	5.4	2.8
6.0	2017-03-26	8025	ALICANTE/ALACANT	0.0	1008.8	1004.5	ALICANTE	10.8	11.7	19.8	13.2	6.7	3.1
25.0	2017-03-27	8025	ALICANTE/ALACANT	0.0	1014.5	1005.7	ALICANTE	8.3	11.0	22.4	16.4	10.4	2.2
15.0	2017-03-28	8025	ALICANTE/ALACANT	0.0	1018.9	1014.0	ALICANTE	7.8	9.2	19.6	15.2	10.8	1.9
13.0	2017-03-29	8025	ALICANTE/ALACANT	0.0	1018.5	1016.1	ALICANTE	5.0	11.8	20.5	14.6	8.7	1.1
12.0	2017-03-30	8025	ALICANTE/ALACANT	0.0	1016.9	1014.2	ALICANTE	5.3	11.2	21.3	15.2	9.2	1.7
12.0	2017-03-31	8025	ALICANTE/ALACANT	0.0	1014.2	1006.9	ALICANTE	7.5	9.6	21.9	15.6	9.3	1.9
30.0	2017-04-01	8025	ALICANTE/ALACANT	0.0	1010.7	1006.6	ALICANTE	12.8	11.7	23.9	17.8	11.7	3.1
30.0	2017-04-02	8025	ALICANTE/ALACANT	0.0	1011.6	1008.2	ALICANTE	8.9	12.0	22.7	16.4	10.2	2.5
14.0	2017-04-03	8025	ALICANTE/ALACANT	0.0	1014.3	1010.6	ALICANTE	5.6	12.1	19.7	14.0	8.2	1.4
14.0	2017-04-04	8025	ALICANTE/ALACANT	0.0	1013.5	1011.0	ALICANTE	6.1	12.0	22.4	15.9	9.4	1.7
6.0	2017-04-05	8025	ALICANTE/ALACANT	0.0	1011.0	1007.9	ALICANTE	10.0	10.3	20.4	14.6	8.8	2.2
15.0	2017-04-06	8025	ALICANTE/ALACANT	0.0	1010.7	1008.2	ALICANTE	6.1	11.1	20.5	15.8	11.0	2.2
6.0	2017-04-07	8025	ALICANTE/ALACANT	0.0	1011.9	1008.8	ALICANTE	9.7	12.3	20.9	14.6	8.2	2.8
11.0	2017-04-08	8025	ALICANTE/ALACANT	0.0	1013.8	1011.1	ALICANTE	5.8	12.2	20.2	14.3	8.4	1.9
14.0	2017-04-09	8025	ALICANTE/ALACANT	0.0	1016.3	1013.0	ALICANTE	6.7	12.2	20.6	14.9	9.2	2.5
14.0	2017-04-10	8025	ALICANTE/ALACANT	0.0	1016.5	1013.3	ALICANTE	6.1	11.8	21.4	15.1	8.8	1.9
20.0	2017-04-11	8025	ALICANTE/ALACANT	0.0	1013.9	1010.5	ALICANTE	6.9	12.4	23.7	16.4	9.0	1.7
12.0	2017-04-12	8025	ALICANTE/ALACANT	0.0	1011.8	1008.9	ALICANTE	6.9	12.4	22.2	15.8	9.3	1.4
16.0	2017-04-13	8025	ALICANTE/ALACANT	0.0	1009.2	1005.4	ALICANTE	5.0	11.5	23.7	18.1	12.5	1.4
16.0	2017-04-14	8025	ALICANTE/ALACANT	0.0	1008.2	1005.2	ALICANTE	5.6	11.0	26.5	21.0	15.5	1.4
14.0	2017-04-15	8025	ALICANTE/ALACANT	0.0	1010.9	1006.1	ALICANTE	5.8	10.1	22.0	18.0	14.1	1.7
16.0	2017-04-16	8025	ALICANTE/ALACANT	0.0	1013.9	1010.5	ALICANTE	6.1	8.9	22.4	18.0	13.6	2.2
13.0	2017-04-17	8025	ALICANTE/ALACANT	0.0	1010.5	1006.5	ALICANTE	5.6	12.2	23.4	18.2	12.9	1.7
14.0	2017-04-18	8025	ALICANTE/ALACANT	0.0	1007.7	1004.3	ALICANTE	6.4	12.5	22.6	17.8	12.9	1.9
9.0	2017-04-19	8025	ALICANTE/ALACANT	0.0	1012.6	1006.6	ALICANTE	12.2	4.2	18.9	16.8	14.7	5.3
7.0	2017-04-20	8025	ALICANTE/ALACANT	0.0	1016.9	1011.4	ALICANTE	13.6	11.1	18.2	14.9	11.6	5.0
7.0	2017-04-21	8025	ALICANTE/ALACANT	0.0	1018.5	1014.7	ALICANTE	13.1	12.0	18.0	13.4	8.9	4.2
7.0	2017-04-22	8025	ALICANTE/ALACANT	0.0	1017.8	1011.2	ALICANTE	9.7	10.3	18.5	14.2	9.9	2.8
17.0	2017-04-23	8025	ALICANTE/ALACANT	0.0	1011.2	1007.7	ALICANTE	6.1	11.8	20.6	14.6	8.5	1.7
16.0	2017-04-24	8025	ALICANTE/ALACANT	0.0	1008.4	1005.0	ALICANTE	6.1	11.2	21.3	16.0	10.8	1.9
12.0	2017-04-25	8025	ALICANTE/ALACANT	0.0	1005.5	997.4	ALICANTE	7.2	6.2	22.3	17.8	13.3	1.9
6.0	2017-04-26	8025	ALICANTE/ALACANT	0.0	999.8	995.9	ALICANTE	7.5	7.2	26.7	20.2	13.7	1.9
6.0	2017-04-27	8025	ALICANTE/ALACANT	4.4	1007.4	997.9	ALICANTE	9.7	0.0	17.2	14.4	11.7	2.5
7.0	2017-04-28	8025	ALICANTE/ALACANT	0.4	1008.5	1005.3	ALICANTE	8.9	0.0	14.2	12.4	10.6	2.2
99.0	2017-04-29	8025	ALICANTE/ALACANT		1007.1	1004.7	ALICANTE	6.1	1.1	17.8	14.7	11.6	1.9
18.0	2017-04-30	8025	ALICANTE/ALACANT	0.0	1005.6	1000.1	ALICANTE	10.0	10.9	22.6	18.2	13.7	2.8
31.0	2017-05-01	8025	ALICANTE/ALACANT	0.0	1012.3	1005.2	ALICANTE	10.0	13.1	22.1	17.4	12.6	3.1
14.0	2017-05-02	8025	ALICANTE/ALACANT	0.0	1012.0	1008.6	ALICANTE	6.7	13.2	22.0	16.4	10.8	1.7
99.0	2017-05-03	8025	ALICANTE/ALACANT	0.0	1009.4	1005.3	ALICANTE	5.8	13.3	22.1	16.6	11.0	2.2
4.0	2017-05-04	8025	ALICANTE/ALACANT	0.0	1006.5	1001.3	ALICANTE	6.1	11.5	21.8	16.8	11.7	2.2
19.0	2017-05-05	8025	ALICANTE/ALACANT	0.0	1003.3	998.5	ALICANTE	6.9	10.9	25.0	20.1	15.2	2.2
29.0	2017-05-06	8025	ALICANTE/ALACANT	0.0	1010.0	1002.6	ALICANTE	10.6	13.3	28.0	22.0	16.0	3.6
14.0	2017-05-07	8025	ALICANTE/ALACANT	0.0	1011.3	1008.1	ALICANTE	6.4	13.4	25.3	19.4	13.4	2.2
20.0	2017-05-08	8025	ALICANTE/ALACANT	0.0	1009.7	1004.5	ALICANTE	7.2	13.0	27.2	20.2	13.2	1.7
7.0	2017-05-09	8025	ALICANTE/ALACANT	0.0	1004.5	996.6	ALICANTE	6.4	12.7	25.4	19.9	14.4	2.2
15.0	2017-05-10	8025	ALICANTE/ALACANT	0.0	997.2	991.7	ALICANTE	6.7	10.6	23.6	19.7	15.8	2.2
	2017-05-11	8025	ALICANTE/ALACANT	0.0	996.1	991.2	ALICANTE		2.8	26.5	21.0	15.6	1.7
16.0	2017-05-12	8025	ALICANTE/ALACANT	0.0	1004.3	995.7	ALICANTE	10.8	7.2	26.4	22.2	18.0	3.3
14.0	2017-05-13	8025	ALICANTE/ALACANT	0.0	1010.4	1004.0	ALICANTE	9.2	12.4	27.1	21.6	16.2	2.2
16.0	2017-05-14	8025	ALICANTE/ALACANT	0.0	1016.4	1010.2	ALICANTE	7.2	13.1	28.2	23.0	17.8	2.5
6.0	2017-05-15	8025	ALICANTE/ALACANT	0.0	1018.5	1015.8	ALICANTE	6.1	12.5	26.3	20.6	15.0	1.7
8.0	2017-05-16	8025	ALICANTE/ALACANT	0.0	1016.9	1013.6	ALICANTE	6.9	9.2	26.7	21.8	16.8	1.7
8.0	2017-05-17	8025	ALICANTE/ALACANT	0.0	1013.9	1006.0	ALICANTE	6.9	12.7	27.4	21.0	14.6	2.2
14.0	2017-05-18	8025	ALICANTE/ALACANT	0.0	1007.4	1001.7	ALICANTE	6.9	11.4	26.0	20.0	14.1	1.9
99.0	2017-05-19	8025	ALICANTE/ALACANT	0.0	1011.9	1007.4	ALICANTE	7.5	11.6	23.2	19.7	16.2	2.5
12.0	2017-05-20	8025	ALICANTE/ALACANT	0.0	1014.8	1011.7	ALICANTE	6.9	13.6	24.3	19.2	14.2	2.2
12.0	2017-05-21	8025	ALICANTE/ALACANT	0.0	1014.2	1009.1	ALICANTE	7.8	9.2	24.1	18.7	13.3	2.2
10.0	2017-05-22	8025	ALICANTE/ALACANT	0.0	1009.1	1005.8	ALICANTE	9.2	12.4	25.4	21.1	16.8	2.8
6.0	2017-05-23	8025	ALICANTE/ALACANT	0.0	1011.3	1006.8	ALICANTE	8.9	13.5	26.7	20.8	14.8	2.5
8.0	2017-05-24	8025	ALICANTE/ALACANT	0.0	1011.1	1008.2	ALICANTE	6.9	13.7	26.6	21.0	15.5	2.2
16.0	2017-05-25	8025	ALICANTE/ALACANT	0.0	1008.4	1003.4	ALICANTE	6.1	12.9	27.4	21.8	16.1	1.7
6.0	2017-05-26	8025	ALICANTE/ALACANT	0.0	1006.2	1003.3	ALICANTE	7.8	11.8	27.7	22.6	17.6	2.8
6.0	2017-05-27	8025	ALICANTE/ALACANT	0.0	1008.9	1005.4	ALICANTE	12.5	13.2	28.3	23.4	18.5	3.3
7.0	2017-05-28	8025	ALICANTE/ALACANT	0.0	1008.9	1006.7	ALICANTE	13.1	13.0	28.2	23.1	18.0	4.7
6.0	2017-05-29	8025	ALICANTE/ALACANT		1007.5	1004.4	ALICANTE	6.9	6.9	25.7	21.6	17.6	2.2
99.0	2017-05-30	8025	ALICANTE/ALACANT	0.0	1008.3	1004.5	ALICANTE	7.5	9.2	25.8	21.8	17.8	2.5
12.0	2017-05-31	8025	ALICANTE/ALACANT	0.0	1010.1	1008.2	ALICANTE	8.6	12.8	26.4	21.8	17.1	2.5
6.0	2017-06-01	8025	ALICANTE/ALACANT	0.0	1010.6	1008.6	ALICANTE	7.2	13.3	26.9	22.3	17.7	2.2
6.0	2017-06-02	8025	ALICANTE/ALACANT	0.0	1009.2	1006.2	ALICANTE	6.7	13.4	27.0	22.0	16.9	2.2
12.0	2017-06-03	8025	ALICANTE/ALACANT	0.0	1007.4	1004.7	ALICANTE	7.5	12.7	29.0	23.4	17.9	1.9
7.0	2017-06-04	8025	ALICANTE/ALACANT	0.0	1006.6	1002.5	ALICANTE	11.9	8.8	28.2	24.0	19.8	2.5
14.0	2017-06-05	8025	ALICANTE/ALACANT	0.0	1006.6	1003.7	ALICANTE	9.4	12.5	25.9	22.0	18.0	2.5
18.0	2017-06-06	8025	ALICANTE/ALACANT	0.0	1007.7	1003.0	ALICANTE	8.9	13.4	32.0	24.6	17.3	3.1
13.0	2017-06-07	8025	ALICANTE/ALACANT	0.0	1012.1	1007.7	ALICANTE	9.7	12.0	25.8	22.2	18.7	3.3
6.0	2017-06-08	8025	ALICANTE/ALACANT	0.0	1010.1	1005.8	ALICANTE	8.9	13.3	26.2	21.8	17.3	3.3
13.0	2017-06-09	8025	ALICANTE/ALACANT	0.0	1008.5	1004.2	ALICANTE	6.4	11.9	26.5	22.4	18.2	2.2
15.0	2017-06-10	8025	ALICANTE/ALACANT	0.0	1009.6	1007.8	ALICANTE	7.2	12.8	27.4	23.0	18.5	1.9
12.0	2017-06-11	8025	ALICANTE/ALACANT	0.0	1008.6	1006.7	ALICANTE	6.4	13.8	30.1	23.6	17.1	1.7
12.0	2017-06-12	8025	ALICANTE/ALACANT	0.0	1007.9	1005.2	ALICANTE	7.5	13.8	30.0	24.3	18.6	2.5
7.0	2017-06-13	8025	ALICANTE/ALACANT	0.0	1005.3	1003.0	ALICANTE	10.6	13.8	31.2	25.3	19.4	3.1
6.0	2017-06-14	8025	ALICANTE/ALACANT	0.0	1005.7	1003.6	ALICANTE	6.9	13.2	31.3	25.6	20.0	2.2
12.0	2017-06-15	8025	ALICANTE/ALACANT	0.0	1009.4	1004.4	ALICANTE	5.8	12.8	29.9	24.8	19.7	1.7
6.0	2017-06-16	8025	ALICANTE/ALACANT	0.0	1010.6	1008.2	ALICANTE	8.9	13.5	32.6	27.1	21.6	2.2
15.0	2017-06-17	8025	ALICANTE/ALACANT	0.0	1010.0	1005.6	ALICANTE	7.5	13.4	32.5	27.2	21.8	2.5
15.0	2017-06-18	8025	ALICANTE/ALACANT	0.0	1007.8	1005.3	ALICANTE	5.8	13.4	33.8	27.9	22.0	1.7
12.0	2017-06-19	8025	ALICANTE/ALACANT	0.0	1010.2	1007.3	ALICANTE	7.8	12.0	29.0	25.2	21.4	2.5
18.0	2017-06-20	8025	ALICANTE/ALACANT	0.0	1010.2	1007.3	ALICANTE	6.1	13.5	31.2	25.6	20.0	2.2
14.0	2017-06-21	8025	ALICANTE/ALACANT	0.0	1008.6	1006.4	ALICANTE	6.1	13.5	30.5	25.4	20.4	1.9
14.0	2017-06-22	8025	ALICANTE/ALACANT	0.0	1010.5	1007.8	ALICANTE	6.1	13.6	31.0	25.9	20.8	1.9
13.0	2017-06-23	8025	ALICANTE/ALACANT	0.0	1011.3	1009.5	ALICANTE	6.7	13.2	32.5	27.0	21.5	2.2
16.0	2017-06-24	8025	ALICANTE/ALACANT	0.0	1009.8	1006.1	ALICANTE	5.6	12.8	31.0	26.4	21.8	1.7
7.0	2017-06-25	8025	ALICANTE/ALACANT	0.0	1006.5	1002.5	ALICANTE	10.6	11.1	31.8	26.9	22.0	3.1
14.0	2017-06-26	8025	ALICANTE/ALACANT	0.0	1002.6	999.8	ALICANTE	8.3	13.2	33.2	28.0	22.8	2.2
28.0	2017-06-27	8025	ALICANTE/ALACANT	0.2	1000.6	995.8	ALICANTE	10.3	8.7	30.7	26.6	22.4	1.7
16.0	2017-06-28	8025	ALICANTE/ALACANT	0.0	1000.6	996.5	ALICANTE	11.4	13.8	35.3	30.0	24.7	3.9
14.0	2017-06-29	8025	ALICANTE/ALACANT	0.0	1001.3	998.6	ALICANTE	10.6	13.6	30.5	26.3	22.1	3.3
11.0	2017-06-30	8025	ALICANTE/ALACANT	0.0	1008.0	1001.1	ALICANTE	9.7	12.2	28.2	24.4	20.6	3.3
	2017-07-01	8025	ALICANTE/ALACANT	4.4			ALICANTE						
	2017-07-02	8025	ALICANTE/ALACANT	0.0			ALICANTE						
13.0	2017-07-03	8025	ALICANTE/ALACANT	0.0	1013.9	1010.6	ALICANTE	5.8	13.6	28.7	23.2	17.8	1.9
6.0	2017-07-04	8025	ALICANTE/ALACANT	0.0	1010.6	1007.6	ALICANTE	9.2	13.4	28.5	23.3	18.1	3.1
8.0	2017-07-05	8025	ALICANTE/ALACANT	0.0	1007.9	1005.0	ALICANTE	8.1	13.5	28.3	23.8	19.3	2.2
8.0	2017-07-06	8025	ALICANTE/ALACANT		1008.5	1004.0	ALICANTE	8.9	7.1	31.7	27.2	22.6	2.8
6.0	2017-07-07	8025	ALICANTE/ALACANT	4.2	1008.1	1002.8	ALICANTE	13.9	4.9	28.8	25.6	22.4	3.9
19.0	2017-07-08	8025	ALICANTE/ALACANT	0.0	1004.7	1002.9	ALICANTE	10.0	13.3	33.0	27.7	22.4	2.2
14.0	2017-07-09	8025	ALICANTE/ALACANT	0.0	1004.5	1002.7	ALICANTE	8.6	13.7	34.1	27.7	21.3	2.2
14.0	2017-07-10	8025	ALICANTE/ALACANT	0.0	1004.7	1002.4	ALICANTE	5.8	13.5	32.1	27.2	22.3	1.9
14.0	2017-07-11	8025	ALICANTE/ALACANT	0.0	1007.0	1003.1	ALICANTE	6.7	13.1	31.8	26.6	21.5	1.9
12.0	2017-07-12	8025	ALICANTE/ALACANT	0.0	1008.9	1005.8	ALICANTE	6.1	13.2	31.5	26.9	22.3	1.7
11.0	2017-07-13	8025	ALICANTE/ALACANT	0.0	1009.7	1005.6	ALICANTE	6.1	11.8	31.7	28.4	25.2	2.2
6.0	2017-07-14	8025	ALICANTE/ALACANT	0.0	1008.8	1006.5	ALICANTE	8.6	8.7	30.4	27.4	24.5	3.1
12.0	2017-07-15	8025	ALICANTE/ALACANT	0.0	1010.2	1007.5	ALICANTE	7.2	10.0	30.5	26.3	22.1	2.8
14.0	2017-07-16	8025	ALICANTE/ALACANT	0.0	1011.3	1008.8	ALICANTE	6.9	13.5	32.1	26.6	21.1	1.9
15.0	2017-07-17	8025	ALICANTE/ALACANT	0.0	1009.7	1007.0	ALICANTE	7.2	12.7	31.4	25.8	20.3	2.5
8.0	2017-07-18	8025	ALICANTE/ALACANT	0.0	1008.6	1004.6	ALICANTE	6.9	11.5	30.5	26.7	22.9	1.7
7.0	2017-07-19	8025	ALICANTE/ALACANT	0.0	1005.4	1001.7	ALICANTE	8.1	9.1	31.2	27.4	23.7	2.8
13.0	2017-07-20	8025	ALICANTE/ALACANT	0.0	1002.9	1000.3	ALICANTE	7.5	10.5	31.0	27.0	23.0	2.2
16.0	2017-07-21	8025	ALICANTE/ALACANT	0.0	1003.4	1000.2	ALICANTE	7.5	11.4	31.1	27.6	24.1	2.2
16.0	2017-07-22	8025	ALICANTE/ALACANT	0.0	1007.3	1001.8	ALICANTE	6.1	10.5	30.1	26.4	22.8	2.5
15.0	2017-07-23	8025	ALICANTE/ALACANT	0.0	1009.1	1004.7	ALICANTE	6.7	10.2	31.7	27.6	23.5	1.9
	2017-07-24	8025	ALICANTE/ALACANT	0.0	1007.2	1005.3	ALICANTE		11.8	30.6	26.2	21.8	
8.0	2017-07-25	8025	ALICANTE/ALACANT	0.0	1006.3	1003.3	ALICANTE	8.6	12.0	29.6	26.6	23.7	2.8
10.0	2017-07-26	8025	ALICANTE/ALACANT	0.0	1006.2	1003.9	ALICANTE	6.9	13.1	30.8	26.4	22.1	2.2
20.0	2017-07-27	8025	ALICANTE/ALACANT	0.0	1006.5	1003.7	ALICANTE	7.8	12.4	31.9	27.3	22.7	2.2
3.0	2017-07-28	8025	ALICANTE/ALACANT	0.0	1006.4	1003.7	ALICANTE	5.8	12.4	33.5	27.6	21.8	1.7
16.0	2017-07-29	8025	ALICANTE/ALACANT	0.0	1007.3	1004.3	ALICANTE	6.1	13.0	32.2	27.0	21.7	1.4
13.0	2017-07-30	8025	ALICANTE/ALACANT	0.0	1004.8	1000.9	ALICANTE	5.8	13.0	33.1	27.4	21.6	1.4
15.0	2017-07-31	8025	ALICANTE/ALACANT	0.0	1002.0	998.7	ALICANTE	5.8	12.4	32.6	27.1	21.6	1.9
17.0	2017-08-01	8025	ALICANTE/ALACANT	0.0	1008.1	1000.2	ALICANTE	10.0	6.6	31.2	27.8	24.4	3.1
	2017-08-02	8025	ALICANTE/ALACANT	0.0	1007.0	1004.5	ALICANTE		5.3	34.4	30.8	27.2	
	2017-08-03	8025	ALICANTE/ALACANT	0.0	1006.8	1004.0	ALICANTE		12.3	35.4	30.0	24.6	
13.0	2017-08-04	8025	ALICANTE/ALACANT	0.0	1006.2	1003.6	ALICANTE	6.1	13.0	34.7	29.2	23.7	1.9
17.0	2017-08-05	8025	ALICANTE/ALACANT	0.0	1006.6	1003.1	ALICANTE	5.8	12.9	33.3	28.6	23.9	1.7
6.0	2017-08-06	8025	ALICANTE/ALACANT	0.0	1007.3	1003.8	ALICANTE	10.0	11.2	31.6	27.8	23.9	3.1
23.0	2017-08-07	8025	ALICANTE/ALACANT		1006.7	1000.5	ALICANTE	14.2	10.3	31.8	27.8	23.9	2.5
7.0	2017-08-08	8025	ALICANTE/ALACANT	0.0	1005.2	1000.0	ALICANTE	8.6	11.9	32.3	28.3	24.3	1.9
36.0	2017-08-09	8025	ALICANTE/ALACANT	6.7	1006.5	1002.4	ALICANTE	11.7	11.6	31.1	27.1	23.1	3.3
	2017-08-10	8025	ALICANTE/ALACANT	0.0	1012.5	1006.5	ALICANTE		9.6	27.2	22.4	17.5	
	2017-08-11	8025	ALICANTE/ALACANT	0.0	1012.5	1009.9	ALICANTE		10.9	28.5	23.3	18.1	
	2017-08-12	8025	ALICANTE/ALACANT	0.0	1012.5	1010.2	ALICANTE		12.5	28.5	23.7	18.9	
	2017-08-13	8025	ALICANTE/ALACANT	0.0	1010.2	1007.3	ALICANTE		11.6	28.9	24.4	19.9	
	2017-08-14	8025	ALICANTE/ALACANT	0.0	1008.5	1006.4	ALICANTE		11.1	29.1	24.6	20.1	
9.0	2017-08-15	8025	ALICANTE/ALACANT	0.0	1008.7	1006.1	ALICANTE	7.8	10.2	31.7	26.4	21.2	
	2017-08-16	8025	ALICANTE/ALACANT	0.0	1009.0	1006.8	ALICANTE		11.5	32.1	27.5	22.9	
	2017-08-17	8025	ALICANTE/ALACANT	0.0	1009.2	1007.8	ALICANTE		11.5	31.6	27.6	23.7	
16.0	2017-08-18	8025	ALICANTE/ALACANT	0.0	1008.6	1004.7	ALICANTE	5.3	12.4	30.2	26.3	22.4	1.9
7.0	2017-08-19	8025	ALICANTE/ALACANT	0.0	1010.0	1005.3	ALICANTE	9.7	9.5	31.3	27.5	23.7	2.2
5.0	2017-08-20	8025	ALICANTE/ALACANT	0.0	1012.0	1009.0	ALICANTE	7.8	11.7	29.7	26.4	23.0	3.1
14.0	2017-08-21	8025	ALICANTE/ALACANT	0.0	1011.4	1008.5	ALICANTE	6.9	11.5	29.7	25.8	21.9	2.5
14.0	2017-08-22	8025	ALICANTE/ALACANT	0.0	1009.5	1006.3	ALICANTE	6.4	12.8	30.7	25.0	19.2	1.9
99.0	2017-08-23	8025	ALICANTE/ALACANT	0.0	1008.6	1006.2	ALICANTE	5.3	12.7	29.9	24.1	18.3	1.9
12.0	2017-08-24	8025	ALICANTE/ALACANT	0.0	1008.8	1006.2	ALICANTE	6.7	12.4	30.6	24.6	18.7	1.9
18.0	2017-08-25	8025	ALICANTE/ALACANT	0.0	1008.3	1005.8	ALICANTE	6.9	10.9	30.0	25.7	21.4	1.7
8.0	2017-08-26	8025	ALICANTE/ALACANT	0.0	1008.0	1004.7	ALICANTE	7.2	9.5	29.7	26.8	24.0	2.2
15.0	2017-08-27	8025	ALICANTE/ALACANT	0.0	1007.3	1004.2	ALICANTE	6.7	4.1	30.8	26.9	23.0	1.7
22.0	2017-08-28	8025	ALICANTE/ALACANT	0.0	1007.5	1003.9	ALICANTE	5.8	2.2	28.7	25.8	22.8	1.7
22.0	2017-08-29	8025	ALICANTE/ALACANT	48.9	1011.1	1003.1	ALICANTE	10.0	1.2	27.2	22.9	18.6	1.1
99.0	2017-08-30	8025	ALICANTE/ALACANT	1.2	1008.4	1004.4	ALICANTE	6.7	3.1	26.7	22.6	18.5	1.4
7.0	2017-08-31	8025	ALICANTE/ALACANT	0.1	1008.1	1004.7	ALICANTE	7.8	7.0	29.0	24.8	20.5	2.2
6.0	2017-09-01	8025	ALICANTE/ALACANT		1009.5	1006.4	ALICANTE	10.8	10.4	28.1	24.0	20.0	3.1
16.0	2017-09-02	8025	ALICANTE/ALACANT		1012.0	1009.2	ALICANTE	6.4	11.7	28.4	24.4	20.5	1.9
23.0	2017-09-03	8025	ALICANTE/ALACANT	0.0	1010.3	1003.5	ALICANTE	7.2	7.5	29.9	24.8	19.6	2.2
8.0	2017-09-04	8025	ALICANTE/ALACANT	0.0	1010.2	1002.1	ALICANTE	7.8	10.0	28.6	24.2	19.9	2.5
12.0	2017-09-05	8025	ALICANTE/ALACANT	0.0	1012.7	1010.0	ALICANTE	5.8	11.8	31.3	25.9	20.5	1.7
12.0	2017-09-06	8025	ALICANTE/ALACANT	0.0	1011.9	1008.9	ALICANTE	7.8	11.4	29.1	24.0	19.0	1.9
14.0	2017-09-07	8025	ALICANTE/ALACANT	0.0	1009.4	1005.7	ALICANTE	6.1	10.9	28.8	25.8	22.7	1.9
19.0	2017-09-08	8025	ALICANTE/ALACANT	0.0	1007.0	1000.9	ALICANTE	7.8	11.3	28.9	25.2	21.4	2.2
25.0	2017-09-09	8025	ALICANTE/ALACANT	0.1	1000.9	993.5	ALICANTE	10.0	4.1	32.6	26.3	20.0	2.8
31.0	2017-09-10	8025	ALICANTE/ALACANT	0.0	1004.2	997.4	ALICANTE	12.2	12.0	27.4	23.0	18.6	3.6
19.0	2017-09-11	8025	ALICANTE/ALACANT	0.0	1003.9	1000.9	ALICANTE	11.7	11.9	32.4	25.5	18.6	3.1
8.0	2017-09-12	8025	ALICANTE/ALACANT	0.0	1012.3	1001.4	ALICANTE	9.7	11.7	28.5	24.2	19.8	2.8
16.0	2017-09-13	8025	ALICANTE/ALACANT	0.0	1014.4	1010.0	ALICANTE	5.6	11.9	28.9	23.2	17.4	1.7
8.0	2017-09-14	8025	ALICANTE/ALACANT	0.0	1010.0	1003.0	ALICANTE	8.1	11.7	33.9	25.4	16.8	2.2
2.0	2017-09-15	8025	ALICANTE/ALACANT	31.0	1003.8	999.0	ALICANTE	11.7	8.1	28.5	23.0	17.4	2.8
9.0	2017-09-16	8025	ALICANTE/ALACANT	0.0	1007.9	1002.3	ALICANTE	8.6	8.6	23.8	20.4	17.1	2.2
13.0	2017-09-17	8025	ALICANTE/ALACANT	0.0	1009.8	1006.9	ALICANTE	6.9	9.0	26.5	21.7	16.9	1.9
27.0	2017-09-18	8025	ALICANTE/ALACANT	0.0	1010.3	1004.6	ALICANTE	9.2	11.7	32.3	24.7	17.1	1.9
16.0	2017-09-19	8025	ALICANTE/ALACANT	0.0	1011.9	1009.7	ALICANTE	6.9	11.2	26.6	21.8	17.1	1.7
20.0	2017-09-20	8025	ALICANTE/ALACANT	0.0	1011.4	1008.8	ALICANTE	7.8	9.7	26.9	22.5	18.1	1.9
19.0	2017-09-21	8025	ALICANTE/ALACANT	0.0	1008.8	1006.4	ALICANTE	6.1	11.4	27.2	21.5	15.8	1.9
6.0	2017-09-22	8025	ALICANTE/ALACANT	0.0	1011.5	1007.7	ALICANTE	11.4	10.8	25.9	21.6	17.3	3.3
9.0	2017-09-23	8025	ALICANTE/ALACANT	0.0	1011.8	1009.1	ALICANTE	7.2	11.3	25.4	21.0	16.5	1.9
14.0	2017-09-24	8025	ALICANTE/ALACANT	0.0	1011.8	1009.6	ALICANTE	6.9	11.4	27.8	22.0	16.2	2.2
20.0	2017-09-25	8025	ALICANTE/ALACANT	0.0	1009.6	1005.5	ALICANTE	8.6	11.1	32.6	24.5	16.4	1.9
6.0	2017-09-26	8025	ALICANTE/ALACANT	0.0	1011.6	1007.6	ALICANTE	9.7	11.1	27.0	23.4	19.7	3.3
12.0	2017-09-27	8025	ALICANTE/ALACANT	0.0	1013.7	1011.0	ALICANTE	6.1	8.1	26.1	22.4	18.7	1.9
12.0	2017-09-28	8025	ALICANTE/ALACANT	0.0	1015.2	1012.8	ALICANTE	7.2	8.8	26.0	21.8	17.6	2.2
15.0	2017-09-29	8025	ALICANTE/ALACANT	0.0	1013.8	1011.1	ALICANTE	6.4	9.5	25.6	21.4	17.3	1.9
13.0	2017-09-30	8025	ALICANTE/ALACANT	0.0	1011.7	1008.1	ALICANTE	6.9	7.3	25.7	21.2	16.7	1.9
16.0	2017-10-01	8025	ALICANTE/ALACANT	0.0	1012.9	1009.4	ALICANTE	5.0	2.8	25.2	22.4	19.6	1.4
10.0	2017-10-02	8025	ALICANTE/ALACANT	0.0	1014.1	1012.1	ALICANTE	6.7	9.9	25.8	21.8	17.7	1.9
13.0	2017-10-03	8025	ALICANTE/ALACANT	0.0	1013.6	1010.6	ALICANTE	6.1	11.0	27.0	22.0	17.1	1.7
12.0	2017-10-04	8025	ALICANTE/ALACANT	0.0	1015.4	1012.3	ALICANTE	6.7	10.6	27.0	22.4	17.7	1.9
14.0	2017-10-05	8025	ALICANTE/ALACANT	0.0	1014.6	1009.7	ALICANTE	7.2	10.9	27.8	22.0	16.1	1.7
15.0	2017-10-06	8025	ALICANTE/ALACANT	0.0	1009.7	1007.4	ALICANTE	5.3	10.3	26.3	21.1	15.9	1.1
7.0	2017-10-07	8025	ALICANTE/ALACANT	14.8	1012.9	1009.2	ALICANTE	8.3	6.5	26.5	21.2	15.8	1.9
19.0	2017-10-08	8025	ALICANTE/ALACANT	0.0	1012.4	1009.2	ALICANTE	6.1	7.1	25.0	21.1	17.2	1.4
14.0	2017-10-09	8025	ALICANTE/ALACANT	0.0	1011.3	1009.0	ALICANTE	6.1	10.5	25.8	20.4	15.1	1.9
19.0	2017-10-10	8025	ALICANTE/ALACANT	0.0	1012.5	1009.9	ALICANTE	6.4	9.8	25.8	21.2	16.7	1.4
19.0	2017-10-11	8025	ALICANTE/ALACANT	0.0	1014.6	1011.8	ALICANTE	5.3	10.6	26.1	20.9	15.7	1.7
12.0	2017-10-12	8025	ALICANTE/ALACANT	0.0	1017.0	1014.4	ALICANTE	5.3	10.4	26.3	20.9	15.5	1.7
99.0	2017-10-13	8025	ALICANTE/ALACANT	0.0	1017.0	1014.3	ALICANTE	4.2	10.4	28.3	21.9	15.5	1.1
6.0	2017-10-14	8025	ALICANTE/ALACANT	0.0	1017.0	1015.1	ALICANTE	6.7	10.5	26.6	20.5	14.4	2.2
5.0	2017-10-15	8025	ALICANTE/ALACANT	0.0	1018.1	1015.5	ALICANTE	6.4	9.1	25.0	20.1	15.2	2.2
7.0	2017-10-16	8025	ALICANTE/ALACANT	0.0	1017.2	1014.4	ALICANTE	8.9	10.1	25.0	20.7	16.4	2.5
16.0	2017-10-17	8025	ALICANTE/ALACANT		1014.9	1009.0	ALICANTE	5.3	8.8	25.1	20.0	15.0	1.7
28.0	2017-10-18	8025	ALICANTE/ALACANT	3.2	1009.0	1001.0	ALICANTE	8.1	0.6	23.9	19.6	15.2	0.8
31.0	2017-10-19	8025	ALICANTE/ALACANT	0.0	1004.0	999.8	ALICANTE	10.0	9.7	23.7	18.8	13.8	2.2
31.0	2017-10-20	8025	ALICANTE/ALACANT	0.0	1012.5	1004.0	ALICANTE	7.2	10.5	25.8	20.6	15.3	1.9
15.0	2017-10-21	8025	ALICANTE/ALACANT	0.0	1012.8	1010.6	ALICANTE	5.3	10.2	26.1	20.0	14.0	1.4
8.0	2017-10-22	8025	ALICANTE/ALACANT	0.0	1015.7	1011.6	ALICANTE	8.1	9.8	24.1	19.9	15.7	2.2
16.0	2017-10-23	8025	ALICANTE/ALACANT	0.0	1016.4	1014.2	ALICANTE	5.8	7.2	23.9	19.4	14.9	1.7
13.0	2017-10-24	8025	ALICANTE/ALACANT	0.0	1015.5	1013.5	ALICANTE	5.3	10.3	25.6	19.0	12.5	1.7
20.0	2017-10-25	8025	ALICANTE/ALACANT	0.0	1016.8	1013.5	ALICANTE	6.1	10.2	27.3	19.6	12.0	1.9
16.0	2017-10-26	8025	ALICANTE/ALACANT	0.0	1018.3	1015.9	ALICANTE	5.0	10.3	26.3	19.0	11.6	1.1
7.0	2017-10-27	8025	ALICANTE/ALACANT	0.0	1017.7	1013.0	ALICANTE	5.8	10.3	28.0	19.4	10.8	1.4
12.0	2017-10-28	8025	ALICANTE/ALACANT	0.0	1015.6	1013.0	ALICANTE	6.7	7.5	24.0	18.8	13.7	1.9
20.0	2017-10-29	8025	ALICANTE/ALACANT	0.0	1013.0	1007.4	ALICANTE	6.7	8.0	24.8	19.6	14.3	1.4
15.0	2017-10-30	8025	ALICANTE/ALACANT	0.0	1009.2	1005.9	ALICANTE	5.0	9.3	22.9	17.5	12.1	1.7
13.0	2017-10-31	8025	ALICANTE/ALACANT	0.0	1012.9	1008.7	ALICANTE	7.8	8.6	23.6	18.6	13.6	2.8
7.0	2017-11-01	8025	ALICANTE/ALACANT	0.0	1013.7	1011.4	ALICANTE	5.8	6.0	23.2	19.3	15.4	1.4
6.0	2017-11-02	8025	ALICANTE/ALACANT	0.0	1012.0	1007.4	ALICANTE	5.0	8.4	22.8	18.1	13.4	1.4
36.0	2017-11-03	8025	ALICANTE/ALACANT		1007.4	1001.2	ALICANTE	7.8	4.7	23.2	18.1	13.0	1.7
28.0	2017-11-04	8025	ALICANTE/ALACANT		1005.4	1000.8	ALICANTE	8.6	6.8	25.0	20.0	15.0	1.9
34.0	2017-11-05	8025	ALICANTE/ALACANT	0.0	1011.4	1004.8	ALICANTE	10.3	10.2	24.9	19.5	14.1	1.7
32.0	2017-11-06	8025	ALICANTE/ALACANT	0.0	1011.9	1007.5	ALICANTE	10.0	10.0	20.7	15.6	10.4	2.2
34.0	2017-11-07	8025	ALICANTE/ALACANT	0.0	1009.6	1007.2	ALICANTE	9.2	10.0	19.2	14.0	8.7	1.7
32.0	2017-11-08	8025	ALICANTE/ALACANT	2.6	1011.2	1009.0	ALICANTE	6.4	9.5	21.0	15.0	9.0	1.4
36.0	2017-11-09	8025	ALICANTE/ALACANT	0.0	1014.4	1010.6	ALICANTE	8.1	8.6	17.7	12.6	7.6	1.4
14.0	2017-11-10	8025	ALICANTE/ALACANT	0.0	1016.3	1013.8	ALICANTE	6.7	9.5	19.5	12.8	6.0	1.9
14.0	2017-11-11	8025	ALICANTE/ALACANT	0.0	1016.0	1011.1	ALICANTE	5.8	9.6	22.0	15.1	8.2	1.9
12.0	2017-11-12	8025	ALICANTE/ALACANT	0.0	1011.1	1004.8	ALICANTE	6.1	9.6	21.8	15.9	10.0	1.7
34.0	2017-11-13	8025	ALICANTE/ALACANT	0.0	1007.7	1002.7	ALICANTE	10.8	9.6	21.3	14.6	8.0	2.8
14.0	2017-11-14	8025	ALICANTE/ALACANT	0.0	1011.7	1006.8	ALICANTE	5.0	9.5	18.1	12.4	6.8	1.7
22.0	2017-11-15	8025	ALICANTE/ALACANT	0.0	1011.7	1008.2	ALICANTE	8.3	9.6	19.6	12.7	5.8	1.9
15.0	2017-11-16	8025	ALICANTE/ALACANT	0.0	1011.6	1009.0	ALICANTE	4.4	9.4	19.5	12.6	5.6	1.4
15.0	2017-11-17	8025	ALICANTE/ALACANT	0.0	1011.7	1009.5	ALICANTE	4.7	9.1	19.7	13.2	6.7	1.4
22.0	2017-11-18	8025	ALICANTE/ALACANT	0.0	1011.6	1009.2	ALICANTE	4.7	9.3	21.2	13.9	6.6	1.4
20.0	2017-11-19	8025	ALICANTE/ALACANT	0.0	1013.2	1010.3	ALICANTE	5.0	9.0	20.8	13.8	6.9	1.4
18.0	2017-11-20	8025	ALICANTE/ALACANT	0.0	1014.6	1012.1	ALICANTE	4.7	9.0	20.9	13.6	6.2	1.4
14.0	2017-11-21	8025	ALICANTE/ALACANT	0.0	1012.9	1009.6	ALICANTE	3.9	9.2	21.0	13.2	5.5	0.8
99.0	2017-11-22	8025	ALICANTE/ALACANT	0.0	1009.7	1005.4	ALICANTE	3.9	9.0	20.6	13.2	5.7	1.1
99.0	2017-11-23	8025	ALICANTE/ALACANT	0.0	1011.0	1006.0	ALICANTE	5.8	9.0	24.1	15.0	6.0	1.4
99.0	2017-11-24	8025	ALICANTE/ALACANT	0.0	1011.5	1009.4	ALICANTE	4.7	8.3	23.8	16.8	9.8	1.7
6.0	2017-11-25	8025	ALICANTE/ALACANT		1012.5	1008.2	ALICANTE	7.2	0.0	19.0	14.4	9.7	1.1
6.0	2017-11-26	8025	ALICANTE/ALACANT	0.0	1020.0	1012.3	ALICANTE	6.7	8.2	17.9	13.2	8.4	1.7
4.0	2017-11-27	8025	ALICANTE/ALACANT	0.0	1020.4	1014.4	ALICANTE	5.0	5.9	17.7	12.2	6.7	1.4
19.0	2017-11-28	8025	ALICANTE/ALACANT	2.2	1014.4	1000.3	ALICANTE	6.9	1.5	18.7	14.9	11.1	2.2
8.0	2017-11-29	8025	ALICANTE/ALACANT	2.4	1000.3	995.2	ALICANTE	6.4	0.0	14.8	13.3	11.8	1.7
34.0	2017-11-30	8025	ALICANTE/ALACANT	0.0	1008.8	999.4	ALICANTE	7.8	6.6	15.8	10.0	4.1	2.5
99.0	2017-12-01	8025	ALICANTE/ALACANT		1010.0	1002.6	ALICANTE	13.3	7.8	15.4	9.3	3.2	2.2
36.0	2017-12-02	8025	ALICANTE/ALACANT	0.0	1011.4	1008.2	ALICANTE	16.4	9.0	13.3	9.0	4.6	3.9
32.0	2017-12-03	8025	ALICANTE/ALACANT	0.0	1020.2	1011.4	ALICANTE	6.1	8.8	15.7	9.2	2.6	1.4
11.0	2017-12-04	8025	ALICANTE/ALACANT	0.0	1026.3	1020.1	ALICANTE	4.7	9.0	15.1	8.1	1.1	1.4
22.0	2017-12-05	8025	ALICANTE/ALACANT	0.0	1027.2	1024.8	ALICANTE	4.7	9.0	16.7	8.8	0.9	1.1
14.0	2017-12-06	8025	ALICANTE/ALACANT	0.0	1025.7	1022.2	ALICANTE	4.2	8.6	17.7	10.4	3.0	1.1
20.0	2017-12-07	8025	ALICANTE/ALACANT	0.0	1022.5	1018.6	ALICANTE	5.3	7.9	17.4	11.0	4.6	1.4
30.0	2017-12-08	8025	ALICANTE/ALACANT	0.0	1018.6	1012.5	ALICANTE	9.4	6.6	20.8	12.6	4.4	2.2
7.0	2017-12-09	8025	ALICANTE/ALACANT	0.0	1014.0	1012.0	ALICANTE	9.2	6.6	20.8	15.7	10.6	1.9
25.0	2017-12-10	8025	ALICANTE/ALACANT	0.0	1012.4	993.5	ALICANTE	11.4	6.2	21.1	15.8	10.5	2.5
32.0	2017-12-11	8025	ALICANTE/ALACANT	0.4	997.6	983.9	ALICANTE	12.2	0.9	15.7	11.2	6.7	3.1
12.0	2017-12-12	8025	ALICANTE/ALACANT	0.0	1014.3	997.6	ALICANTE	6.4	7.6	15.4	10.4	5.3	1.7
99.0	2017-12-13	8025	ALICANTE/ALACANT	0.0	1017.9	1013.3	ALICANTE	8.3	8.3	17.3	10.6	3.9	2.5
28.0	2017-12-14	8025	ALICANTE/ALACANT	0.0	1013.5	1004.1	ALICANTE	10.0	6.9	21.1	16.8	12.4	3.3
26.0	2017-12-15	8025	ALICANTE/ALACANT	0.2	1004.1	998.8	ALICANTE	10.6	4.1	19.8	15.6	11.5	2.5
34.0	2017-12-16	8025	ALICANTE/ALACANT	0.0	1014.2	1003.1	ALICANTE	8.1	8.9	17.1	10.9	4.7	1.9
12.0	2017-12-17	8025	ALICANTE/ALACANT	0.0	1022.0	1014.1	ALICANTE	6.4	8.2	15.2	9.3	3.4	1.7
30.0	2017-12-18	8025	ALICANTE/ALACANT	0.4	1021.8	1011.5	ALICANTE	10.8	8.5	16.0	8.8	1.5	1.7
2.0	2017-12-19	8025	ALICANTE/ALACANT		1022.5	1011.9	ALICANTE	12.8	5.5	16.2	12.0	7.7	2.8
12.0	2017-12-20	8025	ALICANTE/ALACANT	0.0	1023.0	1018.9	ALICANTE	5.0	6.8	16.8	11.1	5.4	1.7
36.0	2017-12-21	8025	ALICANTE/ALACANT	0.0	1027.3	1023.0	ALICANTE	6.4	4.9	16.7	12.0	7.3	1.4
6.0	2017-12-22	8025	ALICANTE/ALACANT	0.0	1026.4	1020.1	ALICANTE	7.5	8.5	21.2	13.0	4.7	1.4
6.0	2017-12-23	8025	ALICANTE/ALACANT		1025.9	1022.3	ALICANTE	6.1	5.4	17.0	11.0	5.1	1.1
20.0	2017-12-24	8025	ALICANTE/ALACANT	0.0	1025.4	1019.5	ALICANTE	3.9	4.8	17.0	11.7	6.4	1.4
19.0	2017-12-25	8025	ALICANTE/ALACANT	0.0	1019.5	1012.3	ALICANTE	6.1	8.9	18.2	11.6	5.1	1.7
31.0	2017-12-26	8025	ALICANTE/ALACANT	0.0	1012.7	1003.2	ALICANTE	9.7	5.2	19.4	13.3	7.2	2.8
30.0	2017-12-27	8025	ALICANTE/ALACANT	0.0	1004.0	994.6	ALICANTE	18.6	5.9	17.5	14.0	10.5	4.7
31.0	2017-12-28	8025	ALICANTE/ALACANT	0.0	1005.9	999.6	ALICANTE	12.5	8.5	22.6	16.6	10.7	2.5
27.0	2017-12-29	8025	ALICANTE/ALACANT	0.0	1016.3	1005.8	ALICANTE	14.2	5.2	21.5	18.0	14.4	2.8
28.0	2017-12-30	8025	ALICANTE/ALACANT	0.0	1016.9	1013.5	ALICANTE	9.2	8.7	24.0	17.0	10.1	2.8
28.0	2017-12-31	8025	ALICANTE/ALACANT	0.0	1018.1	1010.1	ALICANTE	16.4	3.1	18.7	13.3	7.9	2.5
